/*--------------------------------*- C++ -*----------------------------------*\
  =========                 |
  \\      /  F ield         | OpenFOAM: The Open Source CFD Toolbox
   \\    /   O peration     | Website:  https://openfoam.org
    \\  /    A nd           | Version:  8
     \\/     M anipulation  |
\*---------------------------------------------------------------------------*/
FoamFile
{
    version     2.0;
    format      ascii;
    class       faceList;
    location    "constant/hydrogenArea/polyMesh";
    object      faces;
}
// * * * * * * * * * * * * * * * * * * * * * * * * * * * * * * * * * * * * * //


2984
(
4(1 6 17 12)
3(11 12 17)
4(2 7 18 13)
4(12 13 18 17)
4(3 8 19 14)
4(13 14 19 18)
4(4 9 20 15)
4(14 15 20 19)
4(15 16 21 20)
4(12 17 28 23)
3(22 23 28)
4(13 18 29 24)
4(23 24 29 28)
4(14 19 30 25)
4(24 25 30 29)
4(15 20 31 26)
4(25 26 31 30)
4(26 27 32 31)
4(23 28 39 34)
3(33 34 39)
4(24 29 40 35)
4(34 35 40 39)
4(25 30 41 36)
4(35 36 41 40)
4(26 31 42 37)
4(36 37 42 41)
4(37 38 43 42)
4(34 39 50 45)
3(44 45 50)
4(35 40 51 46)
4(45 46 51 50)
4(36 41 52 47)
4(46 47 52 51)
4(37 42 53 48)
4(47 48 53 52)
4(48 49 54 53)
4(45 50 61 56)
3(55 56 61)
4(46 51 62 57)
4(56 57 62 61)
4(47 52 63 58)
4(57 58 63 62)
4(48 53 64 59)
4(58 59 64 63)
4(59 60 65 64)
4(56 61 72 67)
3(66 67 72)
4(57 62 73 68)
4(67 68 73 72)
4(58 63 74 69)
4(68 69 74 73)
4(59 64 75 70)
4(69 70 75 74)
4(70 71 76 75)
4(67 72 83 78)
3(77 78 83)
4(68 73 84 79)
4(78 79 84 83)
4(69 74 85 80)
4(79 80 85 84)
4(70 75 86 81)
4(80 81 86 85)
4(81 82 87 86)
4(78 83 94 89)
3(88 89 94)
4(79 84 95 90)
4(89 90 95 94)
4(80 85 96 91)
4(90 91 96 95)
4(81 86 97 92)
4(91 92 97 96)
4(92 93 98 97)
4(89 94 105 100)
3(99 100 105)
4(90 95 106 101)
4(100 101 106 105)
4(91 96 107 102)
4(101 102 107 106)
4(92 97 108 103)
4(102 103 108 107)
4(103 104 109 108)
4(100 105 116 111)
3(110 111 116)
4(101 106 117 112)
4(111 112 117 116)
4(102 107 118 113)
4(112 113 118 117)
4(103 108 119 114)
4(113 114 119 118)
4(114 115 120 119)
4(111 116 127 122)
3(121 122 127)
4(112 117 128 123)
4(122 123 128 127)
4(113 118 129 124)
4(123 124 129 128)
4(114 119 130 125)
4(124 125 130 129)
4(125 126 131 130)
4(122 127 138 133)
3(132 133 138)
4(123 128 139 134)
4(133 134 139 138)
4(124 129 140 135)
4(134 135 140 139)
4(125 130 141 136)
4(135 136 141 140)
4(136 137 142 141)
4(133 138 149 144)
3(143 144 149)
4(134 139 150 145)
4(144 145 150 149)
4(135 140 151 146)
4(145 146 151 150)
4(136 141 152 147)
4(146 147 152 151)
4(147 148 153 152)
4(144 149 160 155)
3(154 155 160)
4(145 150 161 156)
4(155 156 161 160)
4(146 151 162 157)
4(156 157 162 161)
4(147 152 163 158)
4(157 158 163 162)
4(158 159 164 163)
4(155 160 171 166)
3(165 166 171)
4(156 161 172 167)
4(166 167 172 171)
4(157 162 173 168)
4(167 168 173 172)
4(158 163 174 169)
4(168 169 174 173)
4(169 170 175 174)
4(166 171 182 177)
3(176 177 182)
4(167 172 183 178)
4(177 178 183 182)
4(168 173 184 179)
4(178 179 184 183)
4(169 174 185 180)
4(179 180 185 184)
4(180 181 186 185)
4(177 182 193 188)
3(187 188 193)
4(178 183 194 189)
4(188 189 194 193)
4(179 184 195 190)
4(189 190 195 194)
4(180 185 196 191)
4(190 191 196 195)
4(191 192 197 196)
4(188 193 204 199)
3(198 199 204)
4(189 194 205 200)
4(199 200 205 204)
4(190 195 206 201)
4(200 201 206 205)
4(191 196 207 202)
4(201 202 207 206)
4(202 203 208 207)
4(199 204 215 210)
3(209 210 215)
4(200 205 216 211)
4(210 211 216 215)
4(201 206 217 212)
4(211 212 217 216)
4(202 207 218 213)
4(212 213 218 217)
4(213 214 219 218)
4(210 215 226 221)
3(220 221 226)
4(211 216 227 222)
4(221 222 227 226)
4(212 217 228 223)
4(222 223 228 227)
4(213 218 229 224)
4(223 224 229 228)
4(224 225 230 229)
4(221 226 237 232)
3(231 232 237)
4(222 227 238 233)
4(232 233 238 237)
4(223 228 239 234)
4(233 234 239 238)
4(224 229 240 235)
4(234 235 240 239)
4(235 236 241 240)
4(232 237 248 243)
3(242 243 248)
4(233 238 249 244)
4(243 244 249 248)
4(234 239 250 245)
4(244 245 250 249)
4(235 240 251 246)
4(245 246 251 250)
4(246 247 252 251)
4(243 248 259 254)
3(253 254 259)
4(244 249 260 255)
4(254 255 260 259)
4(245 250 261 256)
4(255 256 261 260)
4(246 251 262 257)
4(256 257 262 261)
4(257 258 263 262)
4(254 259 270 265)
3(264 265 270)
4(255 260 271 266)
4(265 266 271 270)
4(256 261 272 267)
4(266 267 272 271)
4(257 262 273 268)
4(267 268 273 272)
4(268 269 274 273)
4(265 270 281 276)
3(275 276 281)
4(266 271 282 277)
4(276 277 282 281)
4(267 272 283 278)
4(277 278 283 282)
4(268 273 284 279)
4(278 279 284 283)
4(279 280 285 284)
4(276 281 292 287)
3(286 287 292)
4(277 282 293 288)
4(287 288 293 292)
4(278 283 294 289)
4(288 289 294 293)
4(279 284 295 290)
4(289 290 295 294)
4(290 291 296 295)
4(287 292 303 298)
3(297 298 303)
4(288 293 304 299)
4(298 299 304 303)
4(289 294 305 300)
4(299 300 305 304)
4(290 295 306 301)
4(300 301 306 305)
4(301 302 307 306)
4(298 303 314 309)
3(308 309 314)
4(299 304 315 310)
4(309 310 315 314)
4(300 305 316 311)
4(310 311 316 315)
4(301 306 317 312)
4(311 312 317 316)
4(312 313 318 317)
4(309 314 325 320)
3(319 320 325)
4(310 315 326 321)
4(320 321 326 325)
4(311 316 327 322)
4(321 322 327 326)
4(312 317 328 323)
4(322 323 328 327)
4(323 324 329 328)
4(320 325 336 331)
3(330 331 336)
4(321 326 337 332)
4(331 332 337 336)
4(322 327 338 333)
4(332 333 338 337)
4(323 328 339 334)
4(333 334 339 338)
4(334 335 340 339)
4(331 336 347 342)
3(341 342 347)
4(332 337 348 343)
4(342 343 348 347)
4(333 338 349 344)
4(343 344 349 348)
4(334 339 350 345)
4(344 345 350 349)
4(345 346 351 350)
4(342 347 358 353)
3(352 353 358)
4(343 348 359 354)
4(353 354 359 358)
4(344 349 360 355)
4(354 355 360 359)
4(345 350 361 356)
4(355 356 361 360)
4(356 357 362 361)
4(353 358 369 364)
3(363 364 369)
4(354 359 370 365)
4(364 365 370 369)
4(355 360 371 366)
4(365 366 371 370)
4(356 361 372 367)
4(366 367 372 371)
4(367 368 373 372)
4(364 369 380 375)
3(374 375 380)
4(365 370 381 376)
4(375 376 381 380)
4(366 371 382 377)
4(376 377 382 381)
4(367 372 383 378)
4(377 378 383 382)
4(378 379 384 383)
4(375 380 391 386)
3(385 386 391)
4(376 381 392 387)
4(386 387 392 391)
4(377 382 393 388)
4(387 388 393 392)
4(378 383 394 389)
4(388 389 394 393)
4(389 390 395 394)
4(386 391 402 397)
3(396 397 402)
4(387 392 403 398)
4(397 398 403 402)
4(388 393 404 399)
4(398 399 404 403)
4(389 394 405 400)
4(399 400 405 404)
4(400 401 406 405)
4(397 402 413 408)
3(407 408 413)
4(398 403 414 409)
4(408 409 414 413)
4(399 404 415 410)
4(409 410 415 414)
4(400 405 416 411)
4(410 411 416 415)
4(411 412 417 416)
4(408 413 424 419)
3(418 419 424)
4(409 414 425 420)
4(419 420 425 424)
4(410 415 426 421)
4(420 421 426 425)
4(411 416 427 422)
4(421 422 427 426)
4(422 423 428 427)
4(419 424 435 430)
3(429 430 435)
4(420 425 436 431)
4(430 431 436 435)
4(421 426 437 432)
4(431 432 437 436)
4(422 427 438 433)
4(432 433 438 437)
4(433 434 439 438)
4(430 435 446 441)
3(440 441 446)
4(431 436 447 442)
4(441 442 447 446)
4(432 437 448 443)
4(442 443 448 447)
4(433 438 449 444)
4(443 444 449 448)
4(444 445 450 449)
4(441 446 457 452)
3(451 452 457)
4(442 447 458 453)
4(452 453 458 457)
4(443 448 459 454)
4(453 454 459 458)
4(444 449 460 455)
4(454 455 460 459)
4(455 456 461 460)
4(452 457 468 463)
3(462 463 468)
4(453 458 469 464)
4(463 464 469 468)
4(454 459 470 465)
4(464 465 470 469)
4(455 460 471 466)
4(465 466 471 470)
4(466 467 472 471)
4(463 468 479 474)
3(473 474 479)
4(464 469 480 475)
4(474 475 480 479)
4(465 470 481 476)
4(475 476 481 480)
4(466 471 482 477)
4(476 477 482 481)
4(477 478 483 482)
4(474 479 490 485)
3(484 485 490)
4(475 480 491 486)
4(485 486 491 490)
4(476 481 492 487)
4(486 487 492 491)
4(477 482 493 488)
4(487 488 493 492)
4(488 489 494 493)
4(485 490 501 496)
3(495 496 501)
4(486 491 502 497)
4(496 497 502 501)
4(487 492 503 498)
4(497 498 503 502)
4(488 493 504 499)
4(498 499 504 503)
4(499 500 505 504)
4(496 501 512 507)
3(506 507 512)
4(497 502 513 508)
4(507 508 513 512)
4(498 503 514 509)
4(508 509 514 513)
4(499 504 515 510)
4(509 510 515 514)
4(510 511 516 515)
4(507 512 523 518)
3(517 518 523)
4(508 513 524 519)
4(518 519 524 523)
4(509 514 525 520)
4(519 520 525 524)
4(510 515 526 521)
4(520 521 526 525)
4(521 522 527 526)
4(518 523 534 529)
3(528 529 534)
4(519 524 535 530)
4(529 530 535 534)
4(520 525 536 531)
4(530 531 536 535)
4(521 526 537 532)
4(531 532 537 536)
4(532 533 538 537)
4(529 534 545 540)
3(539 540 545)
4(530 535 546 541)
4(540 541 546 545)
4(531 536 547 542)
4(541 542 547 546)
4(532 537 548 543)
4(542 543 548 547)
4(543 544 549 548)
4(540 545 556 551)
3(550 551 556)
4(541 546 557 552)
4(551 552 557 556)
4(542 547 558 553)
4(552 553 558 557)
4(543 548 559 554)
4(553 554 559 558)
4(554 555 560 559)
4(551 556 567 562)
3(561 562 567)
4(552 557 568 563)
4(562 563 568 567)
4(553 558 569 564)
4(563 564 569 568)
4(554 559 570 565)
4(564 565 570 569)
4(565 566 571 570)
4(562 567 578 573)
3(572 573 578)
4(563 568 579 574)
4(573 574 579 578)
4(564 569 580 575)
4(574 575 580 579)
4(565 570 581 576)
4(575 576 581 580)
4(576 577 582 581)
4(573 578 589 584)
3(583 584 589)
4(574 579 590 585)
4(584 585 590 589)
4(575 580 591 586)
4(585 586 591 590)
4(576 581 592 587)
4(586 587 592 591)
4(587 588 593 592)
4(584 589 600 595)
3(594 595 600)
4(585 590 601 596)
4(595 596 601 600)
4(586 591 602 597)
4(596 597 602 601)
4(587 592 603 598)
4(597 598 603 602)
4(598 599 604 603)
4(595 600 611 606)
3(605 606 611)
4(596 601 612 607)
4(606 607 612 611)
4(597 602 613 608)
4(607 608 613 612)
4(598 603 614 609)
4(608 609 614 613)
4(609 610 615 614)
4(606 611 622 617)
3(616 617 622)
4(607 612 623 618)
4(617 618 623 622)
4(608 613 624 619)
4(618 619 624 623)
4(609 614 625 620)
4(619 620 625 624)
4(620 621 626 625)
4(617 622 633 628)
3(627 628 633)
4(618 623 634 629)
4(628 629 634 633)
4(619 624 635 630)
4(629 630 635 634)
4(620 625 636 631)
4(630 631 636 635)
4(631 632 637 636)
4(628 633 644 639)
3(638 639 644)
4(629 634 645 640)
4(639 640 645 644)
4(630 635 646 641)
4(640 641 646 645)
4(631 636 647 642)
4(641 642 647 646)
4(642 643 648 647)
4(639 644 655 650)
3(649 650 655)
4(640 645 656 651)
4(650 651 656 655)
4(641 646 657 652)
4(651 652 657 656)
4(642 647 658 653)
4(652 653 658 657)
4(653 654 659 658)
4(650 655 666 661)
3(660 661 666)
4(651 656 667 662)
4(661 662 667 666)
4(652 657 668 663)
4(662 663 668 667)
4(653 658 669 664)
4(663 664 669 668)
4(664 665 670 669)
4(661 666 677 672)
3(671 672 677)
4(662 667 678 673)
4(672 673 678 677)
4(663 668 679 674)
4(673 674 679 678)
4(664 669 680 675)
4(674 675 680 679)
4(675 676 681 680)
4(672 677 688 683)
3(682 683 688)
4(673 678 689 684)
4(683 684 689 688)
4(674 679 690 685)
4(684 685 690 689)
4(675 680 691 686)
4(685 686 691 690)
4(686 687 692 691)
4(683 688 699 694)
3(693 694 699)
4(684 689 700 695)
4(694 695 700 699)
4(685 690 701 696)
4(695 696 701 700)
4(686 691 702 697)
4(696 697 702 701)
4(697 698 703 702)
4(694 699 710 705)
3(704 705 710)
4(695 700 711 706)
4(705 706 711 710)
4(696 701 712 707)
4(706 707 712 711)
4(697 702 713 708)
4(707 708 713 712)
4(708 709 714 713)
4(705 710 721 716)
3(715 716 721)
4(706 711 722 717)
4(716 717 722 721)
4(707 712 723 718)
4(717 718 723 722)
4(708 713 724 719)
4(718 719 724 723)
4(719 720 725 724)
4(716 721 732 727)
3(726 727 732)
4(717 722 733 728)
4(727 728 733 732)
4(718 723 734 729)
4(728 729 734 733)
4(719 724 735 730)
4(729 730 735 734)
4(730 731 736 735)
4(727 732 743 738)
3(737 738 743)
4(728 733 744 739)
4(738 739 744 743)
4(729 734 745 740)
4(739 740 745 744)
4(730 735 746 741)
4(740 741 746 745)
4(741 742 747 746)
4(738 743 754 749)
3(748 749 754)
4(739 744 755 750)
4(749 750 755 754)
4(740 745 756 751)
4(750 751 756 755)
4(741 746 757 752)
4(751 752 757 756)
4(752 753 758 757)
4(749 754 765 760)
3(759 760 765)
4(750 755 766 761)
4(760 761 766 765)
4(751 756 767 762)
4(761 762 767 766)
4(752 757 768 763)
4(762 763 768 767)
4(763 764 769 768)
4(760 765 776 771)
3(770 771 776)
4(761 766 777 772)
4(771 772 777 776)
4(762 767 778 773)
4(772 773 778 777)
4(763 768 779 774)
4(773 774 779 778)
4(774 775 780 779)
4(771 776 787 782)
3(781 782 787)
4(772 777 788 783)
4(782 783 788 787)
4(773 778 789 784)
4(783 784 789 788)
4(774 779 790 785)
4(784 785 790 789)
4(785 786 791 790)
4(782 787 798 793)
3(792 793 798)
4(783 788 799 794)
4(793 794 799 798)
4(784 789 800 795)
4(794 795 800 799)
4(785 790 801 796)
4(795 796 801 800)
4(796 797 802 801)
4(793 798 809 804)
3(803 804 809)
4(794 799 810 805)
4(804 805 810 809)
4(795 800 811 806)
4(805 806 811 810)
4(796 801 812 807)
4(806 807 812 811)
4(807 808 813 812)
4(804 809 820 815)
3(814 815 820)
4(805 810 821 816)
4(815 816 821 820)
4(806 811 822 817)
4(816 817 822 821)
4(807 812 823 818)
4(817 818 823 822)
4(818 819 824 823)
4(815 820 831 826)
3(825 826 831)
4(816 821 832 827)
4(826 827 832 831)
4(817 822 833 828)
4(827 828 833 832)
4(818 823 834 829)
4(828 829 834 833)
4(829 830 835 834)
4(826 831 842 837)
3(836 837 842)
4(827 832 843 838)
4(837 838 843 842)
4(828 833 844 839)
4(838 839 844 843)
4(829 834 845 840)
4(839 840 845 844)
4(840 841 846 845)
4(837 842 853 848)
3(847 848 853)
4(838 843 854 849)
4(848 849 854 853)
4(839 844 855 850)
4(849 850 855 854)
4(840 845 856 851)
4(850 851 856 855)
4(851 852 857 856)
4(848 853 864 859)
3(858 859 864)
4(849 854 865 860)
4(859 860 865 864)
4(850 855 866 861)
4(860 861 866 865)
4(851 856 867 862)
4(861 862 867 866)
4(862 863 868 867)
4(859 864 875 870)
3(869 870 875)
4(860 865 876 871)
4(870 871 876 875)
4(861 866 877 872)
4(871 872 877 876)
4(862 867 878 873)
4(872 873 878 877)
4(873 874 879 878)
4(870 875 886 881)
3(880 881 886)
4(871 876 887 882)
4(881 882 887 886)
4(872 877 888 883)
4(882 883 888 887)
4(873 878 889 884)
4(883 884 889 888)
4(884 885 890 889)
4(881 886 897 892)
3(891 892 897)
4(882 887 898 893)
4(892 893 898 897)
4(883 888 899 894)
4(893 894 899 898)
4(884 889 900 895)
4(894 895 900 899)
4(895 896 901 900)
4(892 897 908 903)
3(902 903 908)
4(893 898 909 904)
4(903 904 909 908)
4(894 899 910 905)
4(904 905 910 909)
4(895 900 911 906)
4(905 906 911 910)
4(906 907 912 911)
4(903 908 919 914)
3(913 914 919)
4(904 909 920 915)
4(914 915 920 919)
4(905 910 921 916)
4(915 916 921 920)
4(906 911 922 917)
4(916 917 922 921)
4(917 918 923 922)
4(914 919 930 925)
3(924 925 930)
4(915 920 931 926)
4(925 926 931 930)
4(916 921 932 927)
4(926 927 932 931)
4(917 922 933 928)
4(927 928 933 932)
4(928 929 934 933)
4(925 930 941 936)
3(935 936 941)
4(926 931 942 937)
4(936 937 942 941)
4(927 932 943 938)
4(937 938 943 942)
4(928 933 944 939)
4(938 939 944 943)
4(939 940 945 944)
4(936 941 952 947)
3(946 947 952)
4(937 942 953 948)
4(947 948 953 952)
4(938 943 954 949)
4(948 949 954 953)
4(939 944 955 950)
4(949 950 955 954)
4(950 951 956 955)
4(947 952 963 958)
3(957 958 963)
4(948 953 964 959)
4(958 959 964 963)
4(949 954 965 960)
4(959 960 965 964)
4(950 955 966 961)
4(960 961 966 965)
4(961 962 967 966)
4(958 963 974 969)
3(968 969 974)
4(959 964 975 970)
4(969 970 975 974)
4(960 965 976 971)
4(970 971 976 975)
4(961 966 977 972)
4(971 972 977 976)
4(972 973 978 977)
4(969 974 985 980)
3(979 980 985)
4(970 975 986 981)
4(980 981 986 985)
4(971 976 987 982)
4(981 982 987 986)
4(972 977 988 983)
4(982 983 988 987)
4(983 984 989 988)
4(980 985 996 991)
3(990 991 996)
4(981 986 997 992)
4(991 992 997 996)
4(982 987 998 993)
4(992 993 998 997)
4(983 988 999 994)
4(993 994 999 998)
4(994 995 1000 999)
4(991 996 1007 1002)
3(1001 1002 1007)
4(992 997 1008 1003)
4(1002 1003 1008 1007)
4(993 998 1009 1004)
4(1003 1004 1009 1008)
4(994 999 1010 1005)
4(1004 1005 1010 1009)
4(1005 1006 1011 1010)
4(1002 1007 1018 1013)
3(1012 1013 1018)
4(1003 1008 1019 1014)
4(1013 1014 1019 1018)
4(1004 1009 1020 1015)
4(1014 1015 1020 1019)
4(1005 1010 1021 1016)
4(1015 1016 1021 1020)
4(1016 1017 1022 1021)
4(1013 1018 1029 1024)
3(1023 1024 1029)
4(1014 1019 1030 1025)
4(1024 1025 1030 1029)
4(1015 1020 1031 1026)
4(1025 1026 1031 1030)
4(1016 1021 1032 1027)
4(1026 1027 1032 1031)
4(1027 1028 1033 1032)
4(1024 1029 1040 1035)
3(1034 1035 1040)
4(1025 1030 1041 1036)
4(1035 1036 1041 1040)
4(1026 1031 1042 1037)
4(1036 1037 1042 1041)
4(1027 1032 1043 1038)
4(1037 1038 1043 1042)
4(1038 1039 1044 1043)
4(1035 1040 1051 1046)
3(1045 1046 1051)
4(1036 1041 1052 1047)
4(1046 1047 1052 1051)
4(1037 1042 1053 1048)
4(1047 1048 1053 1052)
4(1038 1043 1054 1049)
4(1048 1049 1054 1053)
4(1049 1050 1055 1054)
4(1046 1051 1062 1057)
3(1056 1057 1062)
4(1047 1052 1063 1058)
4(1057 1058 1063 1062)
4(1048 1053 1064 1059)
4(1058 1059 1064 1063)
4(1049 1054 1065 1060)
4(1059 1060 1065 1064)
4(1060 1061 1066 1065)
4(1057 1062 1073 1068)
3(1067 1068 1073)
4(1058 1063 1074 1069)
4(1068 1069 1074 1073)
4(1059 1064 1075 1070)
4(1069 1070 1075 1074)
4(1060 1065 1076 1071)
4(1070 1071 1076 1075)
4(1071 1072 1077 1076)
4(1068 1073 1084 1079)
3(1078 1079 1084)
4(1069 1074 1085 1080)
4(1079 1080 1085 1084)
4(1070 1075 1086 1081)
4(1080 1081 1086 1085)
4(1071 1076 1087 1082)
4(1081 1082 1087 1086)
4(1082 1083 1088 1087)
4(1079 1084 1095 1090)
3(1089 1090 1095)
4(1080 1085 1096 1091)
4(1090 1091 1096 1095)
4(1081 1086 1097 1092)
4(1091 1092 1097 1096)
4(1082 1087 1098 1093)
4(1092 1093 1098 1097)
4(1093 1094 1099 1098)
4(1090 1095 1106 1101)
3(1100 1101 1106)
4(1091 1096 1107 1102)
4(1101 1102 1107 1106)
4(1092 1097 1108 1103)
4(1102 1103 1108 1107)
4(1093 1098 1109 1104)
4(1103 1104 1109 1108)
4(1104 1105 1110 1109)
4(1101 1106 1117 1112)
3(1111 1112 1117)
4(1102 1107 1118 1113)
4(1112 1113 1118 1117)
4(1103 1108 1119 1114)
4(1113 1114 1119 1118)
4(1104 1109 1120 1115)
4(1114 1115 1120 1119)
4(1115 1116 1121 1120)
4(1105 1110 1121 1116)
4(1112 1117 1128 1123)
3(1122 1123 1128)
4(1113 1118 1129 1124)
4(1123 1124 1129 1128)
4(1114 1119 1130 1125)
4(1124 1125 1130 1129)
4(1115 1120 1131 1126)
4(1125 1126 1131 1130)
4(1126 1127 1132 1131)
4(1116 1121 1132 1127)
4(1123 1128 1139 1134)
3(1133 1134 1139)
4(1124 1129 1140 1135)
4(1134 1135 1140 1139)
4(1125 1130 1141 1136)
4(1135 1136 1141 1140)
4(1126 1131 1142 1137)
4(1136 1137 1142 1141)
4(1137 1138 1143 1142)
4(1127 1132 1143 1138)
4(1134 1139 1150 1145)
3(1144 1145 1150)
4(1135 1140 1151 1146)
4(1145 1146 1151 1150)
4(1136 1141 1152 1147)
4(1146 1147 1152 1151)
4(1137 1142 1153 1148)
4(1147 1148 1153 1152)
4(1148 1149 1154 1153)
4(1138 1143 1154 1149)
4(1145 1150 1161 1156)
3(1155 1156 1161)
4(1146 1151 1162 1157)
4(1156 1157 1162 1161)
4(1147 1152 1163 1158)
4(1157 1158 1163 1162)
4(1148 1153 1164 1159)
4(1158 1159 1164 1163)
4(1159 1160 1165 1164)
4(1149 1154 1165 1160)
4(1156 1161 1172 1167)
3(1166 1167 1172)
4(1157 1162 1173 1168)
4(1167 1168 1173 1172)
4(1158 1163 1174 1169)
4(1168 1169 1174 1173)
4(1159 1164 1175 1170)
4(1169 1170 1175 1174)
4(1170 1171 1176 1175)
4(1160 1165 1176 1171)
4(1167 1172 1183 1178)
3(1177 1178 1183)
4(1168 1173 1184 1179)
4(1178 1179 1184 1183)
4(1169 1174 1185 1180)
4(1179 1180 1185 1184)
4(1170 1175 1186 1181)
4(1180 1181 1186 1185)
4(1181 1182 1187 1186)
4(1171 1176 1187 1182)
4(1178 1183 1194 1189)
3(1188 1189 1194)
4(1179 1184 1195 1190)
4(1189 1190 1195 1194)
4(1180 1185 1196 1191)
4(1190 1191 1196 1195)
4(1181 1186 1197 1192)
4(1191 1192 1197 1196)
4(1192 1193 1198 1197)
4(1182 1187 1198 1193)
4(1189 1194 1205 1200)
3(1199 1200 1205)
4(1190 1195 1206 1201)
4(1200 1201 1206 1205)
4(1191 1196 1207 1202)
4(1201 1202 1207 1206)
4(1192 1197 1208 1203)
4(1202 1203 1208 1207)
4(1203 1204 1209 1208)
4(1193 1198 1209 1204)
4(1200 1205 1216 1211)
4(1201 1206 1217 1212)
4(1202 1207 1218 1213)
4(1203 1208 1219 1214)
4(1204 1209 1220 1215)
4(1221 1259 1260 1222)
4(1121 1116 1260 1259)
4(1223 1261 1262 1224)
4(1259 1260 1262 1261)
4(1225 1263 1264 1226)
4(1261 1262 1264 1263)
4(1227 1265 1266 1228)
4(1263 1264 1266 1265)
4(1229 1267 1268 1230)
4(1265 1266 1268 1267)
4(1231 1269 1270 1232)
4(1267 1268 1270 1269)
4(1233 1271 1272 1234)
4(1269 1270 1272 1271)
4(1235 1273 1274 1236)
4(1271 1272 1274 1273)
4(1237 1275 1276 1238)
4(1273 1274 1276 1275)
4(1239 1277 1278 1240)
4(1275 1276 1278 1277)
4(1241 1279 1280 1242)
4(1277 1278 1280 1279)
4(1243 1281 1282 1244)
4(1279 1280 1282 1281)
4(1245 1283 1284 1246)
4(1281 1282 1284 1283)
4(1247 1285 1286 1248)
4(1283 1284 1286 1285)
4(1249 1287 1288 1250)
4(1285 1286 1288 1287)
4(1251 1289 1290 1252)
4(1287 1288 1290 1289)
4(1253 1291 1292 1254)
4(1289 1290 1292 1291)
4(1255 1293 1294 1256)
4(1291 1292 1294 1293)
4(1293 1294 1296 1295)
4(1259 1297 1298 1260)
4(1132 1127 1298 1297)
4(1261 1299 1300 1262)
4(1297 1298 1300 1299)
4(1263 1301 1302 1264)
4(1299 1300 1302 1301)
4(1265 1303 1304 1266)
4(1301 1302 1304 1303)
4(1267 1305 1306 1268)
4(1303 1304 1306 1305)
4(1269 1307 1308 1270)
4(1305 1306 1308 1307)
4(1271 1309 1310 1272)
4(1307 1308 1310 1309)
4(1273 1311 1312 1274)
4(1309 1310 1312 1311)
4(1275 1313 1314 1276)
4(1311 1312 1314 1313)
4(1277 1315 1316 1278)
4(1313 1314 1316 1315)
4(1279 1317 1318 1280)
4(1315 1316 1318 1317)
4(1281 1319 1320 1282)
4(1317 1318 1320 1319)
4(1283 1321 1322 1284)
4(1319 1320 1322 1321)
4(1285 1323 1324 1286)
4(1321 1322 1324 1323)
4(1287 1325 1326 1288)
4(1323 1324 1326 1325)
4(1289 1327 1328 1290)
4(1325 1326 1328 1327)
4(1291 1329 1330 1292)
4(1327 1328 1330 1329)
4(1293 1331 1332 1294)
4(1329 1330 1332 1331)
4(1331 1332 1334 1333)
4(1297 1335 1336 1298)
4(1143 1138 1336 1335)
4(1299 1337 1338 1300)
4(1335 1336 1338 1337)
4(1301 1339 1340 1302)
4(1337 1338 1340 1339)
4(1303 1341 1342 1304)
4(1339 1340 1342 1341)
4(1305 1343 1344 1306)
4(1341 1342 1344 1343)
4(1307 1345 1346 1308)
4(1343 1344 1346 1345)
4(1309 1347 1348 1310)
4(1345 1346 1348 1347)
4(1311 1349 1350 1312)
4(1347 1348 1350 1349)
4(1313 1351 1352 1314)
4(1349 1350 1352 1351)
4(1315 1353 1354 1316)
4(1351 1352 1354 1353)
4(1317 1355 1356 1318)
4(1353 1354 1356 1355)
4(1319 1357 1358 1320)
4(1355 1356 1358 1357)
4(1321 1359 1360 1322)
4(1357 1358 1360 1359)
4(1323 1361 1362 1324)
4(1359 1360 1362 1361)
4(1325 1363 1364 1326)
4(1361 1362 1364 1363)
4(1327 1365 1366 1328)
4(1363 1364 1366 1365)
4(1329 1367 1368 1330)
4(1365 1366 1368 1367)
4(1331 1369 1370 1332)
4(1367 1368 1370 1369)
4(1369 1370 1372 1371)
4(1335 1373 1374 1336)
4(1154 1149 1374 1373)
4(1337 1375 1376 1338)
4(1373 1374 1376 1375)
4(1339 1377 1378 1340)
4(1375 1376 1378 1377)
4(1341 1379 1380 1342)
4(1377 1378 1380 1379)
4(1343 1381 1382 1344)
4(1379 1380 1382 1381)
4(1345 1383 1384 1346)
4(1381 1382 1384 1383)
4(1347 1385 1386 1348)
4(1383 1384 1386 1385)
4(1349 1387 1388 1350)
4(1385 1386 1388 1387)
4(1351 1389 1390 1352)
4(1387 1388 1390 1389)
4(1353 1391 1392 1354)
4(1389 1390 1392 1391)
4(1355 1393 1394 1356)
4(1391 1392 1394 1393)
4(1357 1395 1396 1358)
4(1393 1394 1396 1395)
4(1359 1397 1398 1360)
4(1395 1396 1398 1397)
4(1361 1399 1400 1362)
4(1397 1398 1400 1399)
4(1363 1401 1402 1364)
4(1399 1400 1402 1401)
4(1365 1403 1404 1366)
4(1401 1402 1404 1403)
4(1367 1405 1406 1368)
4(1403 1404 1406 1405)
4(1369 1407 1408 1370)
4(1405 1406 1408 1407)
4(1407 1408 1410 1409)
4(1373 1411 1412 1374)
4(1165 1160 1412 1411)
4(1375 1413 1414 1376)
4(1411 1412 1414 1413)
4(1377 1415 1416 1378)
4(1413 1414 1416 1415)
4(1379 1417 1418 1380)
4(1415 1416 1418 1417)
4(1381 1419 1420 1382)
4(1417 1418 1420 1419)
4(1383 1421 1422 1384)
4(1419 1420 1422 1421)
4(1385 1423 1424 1386)
4(1421 1422 1424 1423)
4(1387 1425 1426 1388)
4(1423 1424 1426 1425)
4(1389 1427 1428 1390)
4(1425 1426 1428 1427)
4(1391 1429 1430 1392)
4(1427 1428 1430 1429)
4(1393 1431 1432 1394)
4(1429 1430 1432 1431)
4(1395 1433 1434 1396)
4(1431 1432 1434 1433)
4(1397 1435 1436 1398)
4(1433 1434 1436 1435)
4(1399 1437 1438 1400)
4(1435 1436 1438 1437)
4(1401 1439 1440 1402)
4(1437 1438 1440 1439)
4(1403 1441 1442 1404)
4(1439 1440 1442 1441)
4(1405 1443 1444 1406)
4(1441 1442 1444 1443)
4(1407 1445 1446 1408)
4(1443 1444 1446 1445)
4(1445 1446 1448 1447)
4(1411 1449 1450 1412)
4(1176 1171 1450 1449)
4(1413 1451 1452 1414)
4(1449 1450 1452 1451)
4(1415 1453 1454 1416)
4(1451 1452 1454 1453)
4(1417 1455 1456 1418)
4(1453 1454 1456 1455)
4(1419 1457 1458 1420)
4(1455 1456 1458 1457)
4(1421 1459 1460 1422)
4(1457 1458 1460 1459)
4(1423 1461 1462 1424)
4(1459 1460 1462 1461)
4(1425 1463 1464 1426)
4(1461 1462 1464 1463)
4(1427 1465 1466 1428)
4(1463 1464 1466 1465)
4(1429 1467 1468 1430)
4(1465 1466 1468 1467)
4(1431 1469 1470 1432)
4(1467 1468 1470 1469)
4(1433 1471 1472 1434)
4(1469 1470 1472 1471)
4(1435 1473 1474 1436)
4(1471 1472 1474 1473)
4(1437 1475 1476 1438)
4(1473 1474 1476 1475)
4(1439 1477 1478 1440)
4(1475 1476 1478 1477)
4(1441 1479 1480 1442)
4(1477 1478 1480 1479)
4(1443 1481 1482 1444)
4(1479 1480 1482 1481)
4(1445 1483 1484 1446)
4(1481 1482 1484 1483)
4(1483 1484 1486 1485)
4(1449 1487 1488 1450)
4(1187 1182 1488 1487)
4(1451 1489 1490 1452)
4(1487 1488 1490 1489)
4(1453 1491 1492 1454)
4(1489 1490 1492 1491)
4(1455 1493 1494 1456)
4(1491 1492 1494 1493)
4(1457 1495 1496 1458)
4(1493 1494 1496 1495)
4(1459 1497 1498 1460)
4(1495 1496 1498 1497)
4(1461 1499 1500 1462)
4(1497 1498 1500 1499)
4(1463 1501 1502 1464)
4(1499 1500 1502 1501)
4(1465 1503 1504 1466)
4(1501 1502 1504 1503)
4(1467 1505 1506 1468)
4(1503 1504 1506 1505)
4(1469 1507 1508 1470)
4(1505 1506 1508 1507)
4(1471 1509 1510 1472)
4(1507 1508 1510 1509)
4(1473 1511 1512 1474)
4(1509 1510 1512 1511)
4(1475 1513 1514 1476)
4(1511 1512 1514 1513)
4(1477 1515 1516 1478)
4(1513 1514 1516 1515)
4(1479 1517 1518 1480)
4(1515 1516 1518 1517)
4(1481 1519 1520 1482)
4(1517 1518 1520 1519)
4(1483 1521 1522 1484)
4(1519 1520 1522 1521)
4(1521 1522 1524 1523)
4(1487 1525 1526 1488)
4(1198 1193 1526 1525)
4(1489 1527 1528 1490)
4(1525 1526 1528 1527)
4(1491 1529 1530 1492)
4(1527 1528 1530 1529)
4(1493 1531 1532 1494)
4(1529 1530 1532 1531)
4(1495 1533 1534 1496)
4(1531 1532 1534 1533)
4(1497 1535 1536 1498)
4(1533 1534 1536 1535)
4(1499 1537 1538 1500)
4(1535 1536 1538 1537)
4(1501 1539 1540 1502)
4(1537 1538 1540 1539)
4(1503 1541 1542 1504)
4(1539 1540 1542 1541)
4(1505 1543 1544 1506)
4(1541 1542 1544 1543)
4(1507 1545 1546 1508)
4(1543 1544 1546 1545)
4(1509 1547 1548 1510)
4(1545 1546 1548 1547)
4(1511 1549 1550 1512)
4(1547 1548 1550 1549)
4(1513 1551 1552 1514)
4(1549 1550 1552 1551)
4(1515 1553 1554 1516)
4(1551 1552 1554 1553)
4(1517 1555 1556 1518)
4(1553 1554 1556 1555)
4(1519 1557 1558 1520)
4(1555 1556 1558 1557)
4(1521 1559 1560 1522)
4(1557 1558 1560 1559)
4(1559 1560 1562 1561)
4(1525 1563 1564 1526)
4(1209 1204 1564 1563)
4(1527 1565 1566 1528)
4(1563 1564 1566 1565)
4(1529 1567 1568 1530)
4(1565 1566 1568 1567)
4(1531 1569 1570 1532)
4(1567 1568 1570 1569)
4(1533 1571 1572 1534)
4(1569 1570 1572 1571)
4(1535 1573 1574 1536)
4(1571 1572 1574 1573)
4(1537 1575 1576 1538)
4(1573 1574 1576 1575)
4(1539 1577 1578 1540)
4(1575 1576 1578 1577)
4(1541 1579 1580 1542)
4(1577 1578 1580 1579)
4(1543 1581 1582 1544)
4(1579 1580 1582 1581)
4(1545 1583 1584 1546)
4(1581 1582 1584 1583)
4(1547 1585 1586 1548)
4(1583 1584 1586 1585)
4(1549 1587 1588 1550)
4(1585 1586 1588 1587)
4(1551 1589 1590 1552)
4(1587 1588 1590 1589)
4(1553 1591 1592 1554)
4(1589 1590 1592 1591)
4(1555 1593 1594 1556)
4(1591 1592 1594 1593)
4(1557 1595 1596 1558)
4(1593 1594 1596 1595)
4(1559 1597 1598 1560)
4(1595 1596 1598 1597)
4(1597 1598 1600 1599)
4(1563 1601 1602 1564)
4(1565 1603 1604 1566)
4(1567 1605 1606 1568)
4(1569 1607 1608 1570)
4(1571 1609 1610 1572)
4(1573 1611 1612 1574)
4(1575 1613 1614 1576)
4(1577 1615 1616 1578)
4(1579 1617 1618 1580)
4(1581 1619 1620 1582)
4(1583 1621 1622 1584)
4(1585 1623 1624 1586)
4(1587 1625 1626 1588)
4(1589 1627 1628 1590)
4(1591 1629 1630 1592)
4(1593 1631 1632 1594)
4(1595 1633 1634 1596)
4(1597 1635 1636 1598)
4(0 1 12 11)
4(11 12 23 22)
4(22 23 34 33)
4(33 34 45 44)
4(44 45 56 55)
4(55 56 67 66)
4(66 67 78 77)
4(77 78 89 88)
4(88 89 100 99)
4(99 100 111 110)
4(110 111 122 121)
4(121 122 133 132)
4(132 133 144 143)
4(143 144 155 154)
4(154 155 166 165)
4(165 166 177 176)
4(176 177 188 187)
4(187 188 199 198)
4(198 199 210 209)
4(209 210 221 220)
4(220 221 232 231)
4(231 232 243 242)
4(242 243 254 253)
4(253 254 265 264)
4(264 265 276 275)
4(275 276 287 286)
4(286 287 298 297)
4(297 298 309 308)
4(308 309 320 319)
4(319 320 331 330)
4(330 331 342 341)
4(341 342 353 352)
4(352 353 364 363)
4(363 364 375 374)
4(374 375 386 385)
4(385 386 397 396)
4(396 397 408 407)
4(407 408 419 418)
4(418 419 430 429)
4(429 430 441 440)
4(440 441 452 451)
4(451 452 463 462)
4(462 463 474 473)
4(473 474 485 484)
4(484 485 496 495)
4(495 496 507 506)
4(506 507 518 517)
4(517 518 529 528)
4(528 529 540 539)
4(539 540 551 550)
4(550 551 562 561)
4(561 562 573 572)
4(572 573 584 583)
4(583 584 595 594)
4(594 595 606 605)
4(605 606 617 616)
4(616 617 628 627)
4(627 628 639 638)
4(638 639 650 649)
4(649 650 661 660)
4(660 661 672 671)
4(671 672 683 682)
4(682 683 694 693)
4(693 694 705 704)
4(704 705 716 715)
4(715 716 727 726)
4(726 727 738 737)
4(737 738 749 748)
4(748 749 760 759)
4(759 760 771 770)
4(770 771 782 781)
4(781 782 793 792)
4(792 793 804 803)
4(803 804 815 814)
4(814 815 826 825)
4(825 826 837 836)
4(836 837 848 847)
4(847 848 859 858)
4(858 859 870 869)
4(869 870 881 880)
4(880 881 892 891)
4(891 892 903 902)
4(902 903 914 913)
4(913 914 925 924)
4(924 925 936 935)
4(935 936 947 946)
4(946 947 958 957)
4(957 958 969 968)
4(968 969 980 979)
4(979 980 991 990)
4(990 991 1002 1001)
4(1001 1002 1013 1012)
4(1012 1013 1024 1023)
4(1023 1024 1035 1034)
4(1034 1035 1046 1045)
4(1045 1046 1057 1056)
4(1056 1057 1068 1067)
4(1067 1068 1079 1078)
4(1078 1079 1090 1089)
4(1089 1090 1101 1100)
4(1 2 13 12)
4(12 13 24 23)
4(23 24 35 34)
4(34 35 46 45)
4(45 46 57 56)
4(56 57 68 67)
4(67 68 79 78)
4(78 79 90 89)
4(89 90 101 100)
4(100 101 112 111)
4(111 112 123 122)
4(122 123 134 133)
4(133 134 145 144)
4(144 145 156 155)
4(155 156 167 166)
4(166 167 178 177)
4(177 178 189 188)
4(188 189 200 199)
4(199 200 211 210)
4(210 211 222 221)
4(221 222 233 232)
4(232 233 244 243)
4(243 244 255 254)
4(254 255 266 265)
4(265 266 277 276)
4(276 277 288 287)
4(287 288 299 298)
4(298 299 310 309)
4(309 310 321 320)
4(320 321 332 331)
4(331 332 343 342)
4(342 343 354 353)
4(353 354 365 364)
4(364 365 376 375)
4(375 376 387 386)
4(386 387 398 397)
4(397 398 409 408)
4(408 409 420 419)
4(419 420 431 430)
4(430 431 442 441)
4(441 442 453 452)
4(452 453 464 463)
4(463 464 475 474)
4(474 475 486 485)
4(485 486 497 496)
4(496 497 508 507)
4(507 508 519 518)
4(518 519 530 529)
4(529 530 541 540)
4(540 541 552 551)
4(551 552 563 562)
4(562 563 574 573)
4(573 574 585 584)
4(584 585 596 595)
4(595 596 607 606)
4(606 607 618 617)
4(617 618 629 628)
4(628 629 640 639)
4(639 640 651 650)
4(650 651 662 661)
4(661 662 673 672)
4(672 673 684 683)
4(683 684 695 694)
4(694 695 706 705)
4(705 706 717 716)
4(716 717 728 727)
4(727 728 739 738)
4(738 739 750 749)
4(749 750 761 760)
4(760 761 772 771)
4(771 772 783 782)
4(782 783 794 793)
4(793 794 805 804)
4(804 805 816 815)
4(815 816 827 826)
4(826 827 838 837)
4(837 838 849 848)
4(848 849 860 859)
4(859 860 871 870)
4(870 871 882 881)
4(881 882 893 892)
4(892 893 904 903)
4(903 904 915 914)
4(914 915 926 925)
4(925 926 937 936)
4(936 937 948 947)
4(947 948 959 958)
4(958 959 970 969)
4(969 970 981 980)
4(980 981 992 991)
4(991 992 1003 1002)
4(1002 1003 1014 1013)
4(1013 1014 1025 1024)
4(1024 1025 1036 1035)
4(1035 1036 1047 1046)
4(1046 1047 1058 1057)
4(1057 1058 1069 1068)
4(1068 1069 1080 1079)
4(1079 1080 1091 1090)
4(1090 1091 1102 1101)
4(2 3 14 13)
4(13 14 25 24)
4(24 25 36 35)
4(35 36 47 46)
4(46 47 58 57)
4(57 58 69 68)
4(68 69 80 79)
4(79 80 91 90)
4(90 91 102 101)
4(101 102 113 112)
4(112 113 124 123)
4(123 124 135 134)
4(134 135 146 145)
4(145 146 157 156)
4(156 157 168 167)
4(167 168 179 178)
4(178 179 190 189)
4(189 190 201 200)
4(200 201 212 211)
4(211 212 223 222)
4(222 223 234 233)
4(233 234 245 244)
4(244 245 256 255)
4(255 256 267 266)
4(266 267 278 277)
4(277 278 289 288)
4(288 289 300 299)
4(299 300 311 310)
4(310 311 322 321)
4(321 322 333 332)
4(332 333 344 343)
4(343 344 355 354)
4(354 355 366 365)
4(365 366 377 376)
4(376 377 388 387)
4(387 388 399 398)
4(398 399 410 409)
4(409 410 421 420)
4(420 421 432 431)
4(431 432 443 442)
4(442 443 454 453)
4(453 454 465 464)
4(464 465 476 475)
4(475 476 487 486)
4(486 487 498 497)
4(497 498 509 508)
4(508 509 520 519)
4(519 520 531 530)
4(530 531 542 541)
4(541 542 553 552)
4(552 553 564 563)
4(563 564 575 574)
4(574 575 586 585)
4(585 586 597 596)
4(596 597 608 607)
4(607 608 619 618)
4(618 619 630 629)
4(629 630 641 640)
4(640 641 652 651)
4(651 652 663 662)
4(662 663 674 673)
4(673 674 685 684)
4(684 685 696 695)
4(695 696 707 706)
4(706 707 718 717)
4(717 718 729 728)
4(728 729 740 739)
4(739 740 751 750)
4(750 751 762 761)
4(761 762 773 772)
4(772 773 784 783)
4(783 784 795 794)
4(794 795 806 805)
4(805 806 817 816)
4(816 817 828 827)
4(827 828 839 838)
4(838 839 850 849)
4(849 850 861 860)
4(860 861 872 871)
4(871 872 883 882)
4(882 883 894 893)
4(893 894 905 904)
4(904 905 916 915)
4(915 916 927 926)
4(926 927 938 937)
4(937 938 949 948)
4(948 949 960 959)
4(959 960 971 970)
4(970 971 982 981)
4(981 982 993 992)
4(992 993 1004 1003)
4(1003 1004 1015 1014)
4(1014 1015 1026 1025)
4(1025 1026 1037 1036)
4(1036 1037 1048 1047)
4(1047 1048 1059 1058)
4(1058 1059 1070 1069)
4(1069 1070 1081 1080)
4(1080 1081 1092 1091)
4(1091 1092 1103 1102)
4(3 4 15 14)
4(14 15 26 25)
4(25 26 37 36)
4(36 37 48 47)
4(47 48 59 58)
4(58 59 70 69)
4(69 70 81 80)
4(80 81 92 91)
4(91 92 103 102)
4(102 103 114 113)
4(113 114 125 124)
4(124 125 136 135)
4(135 136 147 146)
4(146 147 158 157)
4(157 158 169 168)
4(168 169 180 179)
4(179 180 191 190)
4(190 191 202 201)
4(201 202 213 212)
4(212 213 224 223)
4(223 224 235 234)
4(234 235 246 245)
4(245 246 257 256)
4(256 257 268 267)
4(267 268 279 278)
4(278 279 290 289)
4(289 290 301 300)
4(300 301 312 311)
4(311 312 323 322)
4(322 323 334 333)
4(333 334 345 344)
4(344 345 356 355)
4(355 356 367 366)
4(366 367 378 377)
4(377 378 389 388)
4(388 389 400 399)
4(399 400 411 410)
4(410 411 422 421)
4(421 422 433 432)
4(432 433 444 443)
4(443 444 455 454)
4(454 455 466 465)
4(465 466 477 476)
4(476 477 488 487)
4(487 488 499 498)
4(498 499 510 509)
4(509 510 521 520)
4(520 521 532 531)
4(531 532 543 542)
4(542 543 554 553)
4(553 554 565 564)
4(564 565 576 575)
4(575 576 587 586)
4(586 587 598 597)
4(597 598 609 608)
4(608 609 620 619)
4(619 620 631 630)
4(630 631 642 641)
4(641 642 653 652)
4(652 653 664 663)
4(663 664 675 674)
4(674 675 686 685)
4(685 686 697 696)
4(696 697 708 707)
4(707 708 719 718)
4(718 719 730 729)
4(729 730 741 740)
4(740 741 752 751)
4(751 752 763 762)
4(762 763 774 773)
4(773 774 785 784)
4(784 785 796 795)
4(795 796 807 806)
4(806 807 818 817)
4(817 818 829 828)
4(828 829 840 839)
4(839 840 851 850)
4(850 851 862 861)
4(861 862 873 872)
4(872 873 884 883)
4(883 884 895 894)
4(894 895 906 905)
4(905 906 917 916)
4(916 917 928 927)
4(927 928 939 938)
4(938 939 950 949)
4(949 950 961 960)
4(960 961 972 971)
4(971 972 983 982)
4(982 983 994 993)
4(993 994 1005 1004)
4(1004 1005 1016 1015)
4(1015 1016 1027 1026)
4(1026 1027 1038 1037)
4(1037 1038 1049 1048)
4(1048 1049 1060 1059)
4(1059 1060 1071 1070)
4(1070 1071 1082 1081)
4(1081 1082 1093 1092)
4(1092 1093 1104 1103)
4(4 5 16 15)
4(15 16 27 26)
4(26 27 38 37)
4(37 38 49 48)
4(48 49 60 59)
4(59 60 71 70)
4(70 71 82 81)
4(81 82 93 92)
4(92 93 104 103)
4(103 104 115 114)
4(114 115 126 125)
4(125 126 137 136)
4(136 137 148 147)
4(147 148 159 158)
4(158 159 170 169)
4(169 170 181 180)
4(180 181 192 191)
4(191 192 203 202)
4(202 203 214 213)
4(213 214 225 224)
4(224 225 236 235)
4(235 236 247 246)
4(246 247 258 257)
4(257 258 269 268)
4(268 269 280 279)
4(279 280 291 290)
4(290 291 302 301)
4(301 302 313 312)
4(312 313 324 323)
4(323 324 335 334)
4(334 335 346 345)
4(345 346 357 356)
4(356 357 368 367)
4(367 368 379 378)
4(378 379 390 389)
4(389 390 401 400)
4(400 401 412 411)
4(411 412 423 422)
4(422 423 434 433)
4(433 434 445 444)
4(444 445 456 455)
4(455 456 467 466)
4(466 467 478 477)
4(477 478 489 488)
4(488 489 500 499)
4(499 500 511 510)
4(510 511 522 521)
4(521 522 533 532)
4(532 533 544 543)
4(543 544 555 554)
4(554 555 566 565)
4(565 566 577 576)
4(576 577 588 587)
4(587 588 599 598)
4(598 599 610 609)
4(609 610 621 620)
4(620 621 632 631)
4(631 632 643 642)
4(642 643 654 653)
4(653 654 665 664)
4(664 665 676 675)
4(675 676 687 686)
4(686 687 698 697)
4(697 698 709 708)
4(708 709 720 719)
4(719 720 731 730)
4(730 731 742 741)
4(741 742 753 752)
4(752 753 764 763)
4(763 764 775 774)
4(774 775 786 785)
4(785 786 797 796)
4(796 797 808 807)
4(807 808 819 818)
4(818 819 830 829)
4(829 830 841 840)
4(840 841 852 851)
4(851 852 863 862)
4(862 863 874 873)
4(873 874 885 884)
4(884 885 896 895)
4(895 896 907 906)
4(906 907 918 917)
4(917 918 929 928)
4(928 929 940 939)
4(939 940 951 950)
4(950 951 962 961)
4(961 962 973 972)
4(972 973 984 983)
4(983 984 995 994)
4(994 995 1006 1005)
4(1005 1006 1017 1016)
4(1016 1017 1028 1027)
4(1027 1028 1039 1038)
4(1038 1039 1050 1049)
4(1049 1050 1061 1060)
4(1060 1061 1072 1071)
4(1071 1072 1083 1082)
4(1082 1083 1094 1093)
4(1093 1094 1105 1104)
4(1100 1101 1112 1111)
4(1111 1112 1123 1122)
4(1122 1123 1134 1133)
4(1133 1134 1145 1144)
4(1144 1145 1156 1155)
4(1155 1156 1167 1166)
4(1166 1167 1178 1177)
4(1177 1178 1189 1188)
4(1188 1189 1200 1199)
4(1199 1200 1211 1210)
4(1101 1102 1113 1112)
4(1112 1113 1124 1123)
4(1123 1124 1135 1134)
4(1134 1135 1146 1145)
4(1145 1146 1157 1156)
4(1156 1157 1168 1167)
4(1167 1168 1179 1178)
4(1178 1179 1190 1189)
4(1189 1190 1201 1200)
4(1200 1201 1212 1211)
4(1102 1103 1114 1113)
4(1113 1114 1125 1124)
4(1124 1125 1136 1135)
4(1135 1136 1147 1146)
4(1146 1147 1158 1157)
4(1157 1158 1169 1168)
4(1168 1169 1180 1179)
4(1179 1180 1191 1190)
4(1190 1191 1202 1201)
4(1201 1202 1213 1212)
4(1103 1104 1115 1114)
4(1114 1115 1126 1125)
4(1125 1126 1137 1136)
4(1136 1137 1148 1147)
4(1147 1148 1159 1158)
4(1158 1159 1170 1169)
4(1169 1170 1181 1180)
4(1180 1181 1192 1191)
4(1191 1192 1203 1202)
4(1202 1203 1214 1213)
4(1104 1105 1116 1115)
4(1115 1116 1127 1126)
4(1126 1127 1138 1137)
4(1137 1138 1149 1148)
4(1148 1149 1160 1159)
4(1159 1160 1171 1170)
4(1170 1171 1182 1181)
4(1181 1182 1193 1192)
4(1192 1193 1204 1203)
4(1203 1204 1215 1214)
4(1105 1222 1260 1116)
4(1222 1224 1262 1260)
4(1224 1226 1264 1262)
4(1226 1228 1266 1264)
4(1228 1230 1268 1266)
4(1230 1232 1270 1268)
4(1232 1234 1272 1270)
4(1234 1236 1274 1272)
4(1236 1238 1276 1274)
4(1238 1240 1278 1276)
4(1240 1242 1280 1278)
4(1242 1244 1282 1280)
4(1244 1246 1284 1282)
4(1246 1248 1286 1284)
4(1248 1250 1288 1286)
4(1250 1252 1290 1288)
4(1252 1254 1292 1290)
4(1254 1256 1294 1292)
4(1256 1258 1296 1294)
4(1116 1260 1298 1127)
4(1260 1262 1300 1298)
4(1262 1264 1302 1300)
4(1264 1266 1304 1302)
4(1266 1268 1306 1304)
4(1268 1270 1308 1306)
4(1270 1272 1310 1308)
4(1272 1274 1312 1310)
4(1274 1276 1314 1312)
4(1276 1278 1316 1314)
4(1278 1280 1318 1316)
4(1280 1282 1320 1318)
4(1282 1284 1322 1320)
4(1284 1286 1324 1322)
4(1286 1288 1326 1324)
4(1288 1290 1328 1326)
4(1290 1292 1330 1328)
4(1292 1294 1332 1330)
4(1294 1296 1334 1332)
4(1127 1298 1336 1138)
4(1298 1300 1338 1336)
4(1300 1302 1340 1338)
4(1302 1304 1342 1340)
4(1304 1306 1344 1342)
4(1306 1308 1346 1344)
4(1308 1310 1348 1346)
4(1310 1312 1350 1348)
4(1312 1314 1352 1350)
4(1314 1316 1354 1352)
4(1316 1318 1356 1354)
4(1318 1320 1358 1356)
4(1320 1322 1360 1358)
4(1322 1324 1362 1360)
4(1324 1326 1364 1362)
4(1326 1328 1366 1364)
4(1328 1330 1368 1366)
4(1330 1332 1370 1368)
4(1332 1334 1372 1370)
4(1138 1336 1374 1149)
4(1336 1338 1376 1374)
4(1338 1340 1378 1376)
4(1340 1342 1380 1378)
4(1342 1344 1382 1380)
4(1344 1346 1384 1382)
4(1346 1348 1386 1384)
4(1348 1350 1388 1386)
4(1350 1352 1390 1388)
4(1352 1354 1392 1390)
4(1354 1356 1394 1392)
4(1356 1358 1396 1394)
4(1358 1360 1398 1396)
4(1360 1362 1400 1398)
4(1362 1364 1402 1400)
4(1364 1366 1404 1402)
4(1366 1368 1406 1404)
4(1368 1370 1408 1406)
4(1370 1372 1410 1408)
4(1149 1374 1412 1160)
4(1374 1376 1414 1412)
4(1376 1378 1416 1414)
4(1378 1380 1418 1416)
4(1380 1382 1420 1418)
4(1382 1384 1422 1420)
4(1384 1386 1424 1422)
4(1386 1388 1426 1424)
4(1388 1390 1428 1426)
4(1390 1392 1430 1428)
4(1392 1394 1432 1430)
4(1394 1396 1434 1432)
4(1396 1398 1436 1434)
4(1398 1400 1438 1436)
4(1400 1402 1440 1438)
4(1402 1404 1442 1440)
4(1404 1406 1444 1442)
4(1406 1408 1446 1444)
4(1408 1410 1448 1446)
4(1160 1412 1450 1171)
4(1412 1414 1452 1450)
4(1414 1416 1454 1452)
4(1416 1418 1456 1454)
4(1418 1420 1458 1456)
4(1420 1422 1460 1458)
4(1422 1424 1462 1460)
4(1424 1426 1464 1462)
4(1426 1428 1466 1464)
4(1428 1430 1468 1466)
4(1430 1432 1470 1468)
4(1432 1434 1472 1470)
4(1434 1436 1474 1472)
4(1436 1438 1476 1474)
4(1438 1440 1478 1476)
4(1440 1442 1480 1478)
4(1442 1444 1482 1480)
4(1444 1446 1484 1482)
4(1446 1448 1486 1484)
4(1171 1450 1488 1182)
4(1450 1452 1490 1488)
4(1452 1454 1492 1490)
4(1454 1456 1494 1492)
4(1456 1458 1496 1494)
4(1458 1460 1498 1496)
4(1460 1462 1500 1498)
4(1462 1464 1502 1500)
4(1464 1466 1504 1502)
4(1466 1468 1506 1504)
4(1468 1470 1508 1506)
4(1470 1472 1510 1508)
4(1472 1474 1512 1510)
4(1474 1476 1514 1512)
4(1476 1478 1516 1514)
4(1478 1480 1518 1516)
4(1480 1482 1520 1518)
4(1482 1484 1522 1520)
4(1484 1486 1524 1522)
4(1182 1488 1526 1193)
4(1488 1490 1528 1526)
4(1490 1492 1530 1528)
4(1492 1494 1532 1530)
4(1494 1496 1534 1532)
4(1496 1498 1536 1534)
4(1498 1500 1538 1536)
4(1500 1502 1540 1538)
4(1502 1504 1542 1540)
4(1504 1506 1544 1542)
4(1506 1508 1546 1544)
4(1508 1510 1548 1546)
4(1510 1512 1550 1548)
4(1512 1514 1552 1550)
4(1514 1516 1554 1552)
4(1516 1518 1556 1554)
4(1518 1520 1558 1556)
4(1520 1522 1560 1558)
4(1522 1524 1562 1560)
4(1193 1526 1564 1204)
4(1526 1528 1566 1564)
4(1528 1530 1568 1566)
4(1530 1532 1570 1568)
4(1532 1534 1572 1570)
4(1534 1536 1574 1572)
4(1536 1538 1576 1574)
4(1538 1540 1578 1576)
4(1540 1542 1580 1578)
4(1542 1544 1582 1580)
4(1544 1546 1584 1582)
4(1546 1548 1586 1584)
4(1548 1550 1588 1586)
4(1550 1552 1590 1588)
4(1552 1554 1592 1590)
4(1554 1556 1594 1592)
4(1556 1558 1596 1594)
4(1558 1560 1598 1596)
4(1560 1562 1600 1598)
4(1204 1564 1602 1215)
4(1564 1566 1604 1602)
4(1566 1568 1606 1604)
4(1568 1570 1608 1606)
4(1570 1572 1610 1608)
4(1572 1574 1612 1610)
4(1574 1576 1614 1612)
4(1576 1578 1616 1614)
4(1578 1580 1618 1616)
4(1580 1582 1620 1618)
4(1582 1584 1622 1620)
4(1584 1586 1624 1622)
4(1586 1588 1626 1624)
4(1588 1590 1628 1626)
4(1590 1592 1630 1628)
4(1592 1594 1632 1630)
4(1594 1596 1634 1632)
4(1596 1598 1636 1634)
4(1598 1600 1638 1636)
4(0 11 17 6)
4(11 22 28 17)
4(22 33 39 28)
4(33 44 50 39)
4(44 55 61 50)
4(55 66 72 61)
4(66 77 83 72)
4(77 88 94 83)
4(88 99 105 94)
4(99 110 116 105)
4(110 121 127 116)
4(121 132 138 127)
4(132 143 149 138)
4(143 154 160 149)
4(154 165 171 160)
4(165 176 182 171)
4(176 187 193 182)
4(187 198 204 193)
4(198 209 215 204)
4(209 220 226 215)
4(220 231 237 226)
4(231 242 248 237)
4(242 253 259 248)
4(253 264 270 259)
4(264 275 281 270)
4(275 286 292 281)
4(286 297 303 292)
4(297 308 314 303)
4(308 319 325 314)
4(319 330 336 325)
4(330 341 347 336)
4(341 352 358 347)
4(352 363 369 358)
4(363 374 380 369)
4(374 385 391 380)
4(385 396 402 391)
4(396 407 413 402)
4(407 418 424 413)
4(418 429 435 424)
4(429 440 446 435)
4(440 451 457 446)
4(451 462 468 457)
4(462 473 479 468)
4(473 484 490 479)
4(484 495 501 490)
4(495 506 512 501)
4(506 517 523 512)
4(517 528 534 523)
4(528 539 545 534)
4(539 550 556 545)
4(550 561 567 556)
4(561 572 578 567)
4(572 583 589 578)
4(583 594 600 589)
4(594 605 611 600)
4(605 616 622 611)
4(616 627 633 622)
4(627 638 644 633)
4(638 649 655 644)
4(649 660 666 655)
4(660 671 677 666)
4(671 682 688 677)
4(682 693 699 688)
4(693 704 710 699)
4(704 715 721 710)
4(715 726 732 721)
4(726 737 743 732)
4(737 748 754 743)
4(748 759 765 754)
4(759 770 776 765)
4(770 781 787 776)
4(781 792 798 787)
4(792 803 809 798)
4(803 814 820 809)
4(814 825 831 820)
4(825 836 842 831)
4(836 847 853 842)
4(847 858 864 853)
4(858 869 875 864)
4(869 880 886 875)
4(880 891 897 886)
4(891 902 908 897)
4(902 913 919 908)
4(913 924 930 919)
4(924 935 941 930)
4(935 946 952 941)
4(946 957 963 952)
4(957 968 974 963)
4(968 979 985 974)
4(979 990 996 985)
4(990 1001 1007 996)
4(1001 1012 1018 1007)
4(1012 1023 1029 1018)
4(1023 1034 1040 1029)
4(1034 1045 1051 1040)
4(1045 1056 1062 1051)
4(1056 1067 1073 1062)
4(1067 1078 1084 1073)
4(1078 1089 1095 1084)
4(1089 1100 1106 1095)
4(6 17 18 7)
4(17 28 29 18)
4(28 39 40 29)
4(39 50 51 40)
4(50 61 62 51)
4(61 72 73 62)
4(72 83 84 73)
4(83 94 95 84)
4(94 105 106 95)
4(105 116 117 106)
4(116 127 128 117)
4(127 138 139 128)
4(138 149 150 139)
4(149 160 161 150)
4(160 171 172 161)
4(171 182 183 172)
4(182 193 194 183)
4(193 204 205 194)
4(204 215 216 205)
4(215 226 227 216)
4(226 237 238 227)
4(237 248 249 238)
4(248 259 260 249)
4(259 270 271 260)
4(270 281 282 271)
4(281 292 293 282)
4(292 303 304 293)
4(303 314 315 304)
4(314 325 326 315)
4(325 336 337 326)
4(336 347 348 337)
4(347 358 359 348)
4(358 369 370 359)
4(369 380 381 370)
4(380 391 392 381)
4(391 402 403 392)
4(402 413 414 403)
4(413 424 425 414)
4(424 435 436 425)
4(435 446 447 436)
4(446 457 458 447)
4(457 468 469 458)
4(468 479 480 469)
4(479 490 491 480)
4(490 501 502 491)
4(501 512 513 502)
4(512 523 524 513)
4(523 534 535 524)
4(534 545 546 535)
4(545 556 557 546)
4(556 567 568 557)
4(567 578 579 568)
4(578 589 590 579)
4(589 600 601 590)
4(600 611 612 601)
4(611 622 623 612)
4(622 633 634 623)
4(633 644 645 634)
4(644 655 656 645)
4(655 666 667 656)
4(666 677 678 667)
4(677 688 689 678)
4(688 699 700 689)
4(699 710 711 700)
4(710 721 722 711)
4(721 732 733 722)
4(732 743 744 733)
4(743 754 755 744)
4(754 765 766 755)
4(765 776 777 766)
4(776 787 788 777)
4(787 798 799 788)
4(798 809 810 799)
4(809 820 821 810)
4(820 831 832 821)
4(831 842 843 832)
4(842 853 854 843)
4(853 864 865 854)
4(864 875 876 865)
4(875 886 887 876)
4(886 897 898 887)
4(897 908 909 898)
4(908 919 920 909)
4(919 930 931 920)
4(930 941 942 931)
4(941 952 953 942)
4(952 963 964 953)
4(963 974 975 964)
4(974 985 986 975)
4(985 996 997 986)
4(996 1007 1008 997)
4(1007 1018 1019 1008)
4(1018 1029 1030 1019)
4(1029 1040 1041 1030)
4(1040 1051 1052 1041)
4(1051 1062 1063 1052)
4(1062 1073 1074 1063)
4(1073 1084 1085 1074)
4(1084 1095 1096 1085)
4(1095 1106 1107 1096)
4(7 18 19 8)
4(18 29 30 19)
4(29 40 41 30)
4(40 51 52 41)
4(51 62 63 52)
4(62 73 74 63)
4(73 84 85 74)
4(84 95 96 85)
4(95 106 107 96)
4(106 117 118 107)
4(117 128 129 118)
4(128 139 140 129)
4(139 150 151 140)
4(150 161 162 151)
4(161 172 173 162)
4(172 183 184 173)
4(183 194 195 184)
4(194 205 206 195)
4(205 216 217 206)
4(216 227 228 217)
4(227 238 239 228)
4(238 249 250 239)
4(249 260 261 250)
4(260 271 272 261)
4(271 282 283 272)
4(282 293 294 283)
4(293 304 305 294)
4(304 315 316 305)
4(315 326 327 316)
4(326 337 338 327)
4(337 348 349 338)
4(348 359 360 349)
4(359 370 371 360)
4(370 381 382 371)
4(381 392 393 382)
4(392 403 404 393)
4(403 414 415 404)
4(414 425 426 415)
4(425 436 437 426)
4(436 447 448 437)
4(447 458 459 448)
4(458 469 470 459)
4(469 480 481 470)
4(480 491 492 481)
4(491 502 503 492)
4(502 513 514 503)
4(513 524 525 514)
4(524 535 536 525)
4(535 546 547 536)
4(546 557 558 547)
4(557 568 569 558)
4(568 579 580 569)
4(579 590 591 580)
4(590 601 602 591)
4(601 612 613 602)
4(612 623 624 613)
4(623 634 635 624)
4(634 645 646 635)
4(645 656 657 646)
4(656 667 668 657)
4(667 678 679 668)
4(678 689 690 679)
4(689 700 701 690)
4(700 711 712 701)
4(711 722 723 712)
4(722 733 734 723)
4(733 744 745 734)
4(744 755 756 745)
4(755 766 767 756)
4(766 777 778 767)
4(777 788 789 778)
4(788 799 800 789)
4(799 810 811 800)
4(810 821 822 811)
4(821 832 833 822)
4(832 843 844 833)
4(843 854 855 844)
4(854 865 866 855)
4(865 876 877 866)
4(876 887 888 877)
4(887 898 899 888)
4(898 909 910 899)
4(909 920 921 910)
4(920 931 932 921)
4(931 942 943 932)
4(942 953 954 943)
4(953 964 965 954)
4(964 975 976 965)
4(975 986 987 976)
4(986 997 998 987)
4(997 1008 1009 998)
4(1008 1019 1020 1009)
4(1019 1030 1031 1020)
4(1030 1041 1042 1031)
4(1041 1052 1053 1042)
4(1052 1063 1064 1053)
4(1063 1074 1075 1064)
4(1074 1085 1086 1075)
4(1085 1096 1097 1086)
4(1096 1107 1108 1097)
4(8 19 20 9)
4(19 30 31 20)
4(30 41 42 31)
4(41 52 53 42)
4(52 63 64 53)
4(63 74 75 64)
4(74 85 86 75)
4(85 96 97 86)
4(96 107 108 97)
4(107 118 119 108)
4(118 129 130 119)
4(129 140 141 130)
4(140 151 152 141)
4(151 162 163 152)
4(162 173 174 163)
4(173 184 185 174)
4(184 195 196 185)
4(195 206 207 196)
4(206 217 218 207)
4(217 228 229 218)
4(228 239 240 229)
4(239 250 251 240)
4(250 261 262 251)
4(261 272 273 262)
4(272 283 284 273)
4(283 294 295 284)
4(294 305 306 295)
4(305 316 317 306)
4(316 327 328 317)
4(327 338 339 328)
4(338 349 350 339)
4(349 360 361 350)
4(360 371 372 361)
4(371 382 383 372)
4(382 393 394 383)
4(393 404 405 394)
4(404 415 416 405)
4(415 426 427 416)
4(426 437 438 427)
4(437 448 449 438)
4(448 459 460 449)
4(459 470 471 460)
4(470 481 482 471)
4(481 492 493 482)
4(492 503 504 493)
4(503 514 515 504)
4(514 525 526 515)
4(525 536 537 526)
4(536 547 548 537)
4(547 558 559 548)
4(558 569 570 559)
4(569 580 581 570)
4(580 591 592 581)
4(591 602 603 592)
4(602 613 614 603)
4(613 624 625 614)
4(624 635 636 625)
4(635 646 647 636)
4(646 657 658 647)
4(657 668 669 658)
4(668 679 680 669)
4(679 690 691 680)
4(690 701 702 691)
4(701 712 713 702)
4(712 723 724 713)
4(723 734 735 724)
4(734 745 746 735)
4(745 756 757 746)
4(756 767 768 757)
4(767 778 779 768)
4(778 789 790 779)
4(789 800 801 790)
4(800 811 812 801)
4(811 822 823 812)
4(822 833 834 823)
4(833 844 845 834)
4(844 855 856 845)
4(855 866 867 856)
4(866 877 878 867)
4(877 888 889 878)
4(888 899 900 889)
4(899 910 911 900)
4(910 921 922 911)
4(921 932 933 922)
4(932 943 944 933)
4(943 954 955 944)
4(954 965 966 955)
4(965 976 977 966)
4(976 987 988 977)
4(987 998 999 988)
4(998 1009 1010 999)
4(1009 1020 1021 1010)
4(1020 1031 1032 1021)
4(1031 1042 1043 1032)
4(1042 1053 1054 1043)
4(1053 1064 1065 1054)
4(1064 1075 1076 1065)
4(1075 1086 1087 1076)
4(1086 1097 1098 1087)
4(1097 1108 1109 1098)
4(9 20 21 10)
4(20 31 32 21)
4(31 42 43 32)
4(42 53 54 43)
4(53 64 65 54)
4(64 75 76 65)
4(75 86 87 76)
4(86 97 98 87)
4(97 108 109 98)
4(108 119 120 109)
4(119 130 131 120)
4(130 141 142 131)
4(141 152 153 142)
4(152 163 164 153)
4(163 174 175 164)
4(174 185 186 175)
4(185 196 197 186)
4(196 207 208 197)
4(207 218 219 208)
4(218 229 230 219)
4(229 240 241 230)
4(240 251 252 241)
4(251 262 263 252)
4(262 273 274 263)
4(273 284 285 274)
4(284 295 296 285)
4(295 306 307 296)
4(306 317 318 307)
4(317 328 329 318)
4(328 339 340 329)
4(339 350 351 340)
4(350 361 362 351)
4(361 372 373 362)
4(372 383 384 373)
4(383 394 395 384)
4(394 405 406 395)
4(405 416 417 406)
4(416 427 428 417)
4(427 438 439 428)
4(438 449 450 439)
4(449 460 461 450)
4(460 471 472 461)
4(471 482 483 472)
4(482 493 494 483)
4(493 504 505 494)
4(504 515 516 505)
4(515 526 527 516)
4(526 537 538 527)
4(537 548 549 538)
4(548 559 560 549)
4(559 570 571 560)
4(570 581 582 571)
4(581 592 593 582)
4(592 603 604 593)
4(603 614 615 604)
4(614 625 626 615)
4(625 636 637 626)
4(636 647 648 637)
4(647 658 659 648)
4(658 669 670 659)
4(669 680 681 670)
4(680 691 692 681)
4(691 702 703 692)
4(702 713 714 703)
4(713 724 725 714)
4(724 735 736 725)
4(735 746 747 736)
4(746 757 758 747)
4(757 768 769 758)
4(768 779 780 769)
4(779 790 791 780)
4(790 801 802 791)
4(801 812 813 802)
4(812 823 824 813)
4(823 834 835 824)
4(834 845 846 835)
4(845 856 857 846)
4(856 867 868 857)
4(867 878 879 868)
4(878 889 890 879)
4(889 900 901 890)
4(900 911 912 901)
4(911 922 923 912)
4(922 933 934 923)
4(933 944 945 934)
4(944 955 956 945)
4(955 966 967 956)
4(966 977 978 967)
4(977 988 989 978)
4(988 999 1000 989)
4(999 1010 1011 1000)
4(1010 1021 1022 1011)
4(1021 1032 1033 1022)
4(1032 1043 1044 1033)
4(1043 1054 1055 1044)
4(1054 1065 1066 1055)
4(1065 1076 1077 1066)
4(1076 1087 1088 1077)
4(1087 1098 1099 1088)
4(1098 1109 1110 1099)
4(1100 1111 1117 1106)
4(1111 1122 1128 1117)
4(1122 1133 1139 1128)
4(1133 1144 1150 1139)
4(1144 1155 1161 1150)
4(1155 1166 1172 1161)
4(1166 1177 1183 1172)
4(1177 1188 1194 1183)
4(1188 1199 1205 1194)
4(1199 1210 1216 1205)
4(1106 1117 1118 1107)
4(1117 1128 1129 1118)
4(1128 1139 1140 1129)
4(1139 1150 1151 1140)
4(1150 1161 1162 1151)
4(1161 1172 1173 1162)
4(1172 1183 1184 1173)
4(1183 1194 1195 1184)
4(1194 1205 1206 1195)
4(1205 1216 1217 1206)
4(1107 1118 1119 1108)
4(1118 1129 1130 1119)
4(1129 1140 1141 1130)
4(1140 1151 1152 1141)
4(1151 1162 1163 1152)
4(1162 1173 1174 1163)
4(1173 1184 1185 1174)
4(1184 1195 1196 1185)
4(1195 1206 1207 1196)
4(1206 1217 1218 1207)
4(1108 1119 1120 1109)
4(1119 1130 1131 1120)
4(1130 1141 1142 1131)
4(1141 1152 1153 1142)
4(1152 1163 1164 1153)
4(1163 1174 1175 1164)
4(1174 1185 1186 1175)
4(1185 1196 1197 1186)
4(1196 1207 1208 1197)
4(1207 1218 1219 1208)
4(1109 1120 1121 1110)
4(1120 1131 1132 1121)
4(1131 1142 1143 1132)
4(1142 1153 1154 1143)
4(1153 1164 1165 1154)
4(1164 1175 1176 1165)
4(1175 1186 1187 1176)
4(1186 1197 1198 1187)
4(1197 1208 1209 1198)
4(1208 1219 1220 1209)
4(1110 1121 1259 1221)
4(1221 1259 1261 1223)
4(1223 1261 1263 1225)
4(1225 1263 1265 1227)
4(1227 1265 1267 1229)
4(1229 1267 1269 1231)
4(1231 1269 1271 1233)
4(1233 1271 1273 1235)
4(1235 1273 1275 1237)
4(1237 1275 1277 1239)
4(1239 1277 1279 1241)
4(1241 1279 1281 1243)
4(1243 1281 1283 1245)
4(1245 1283 1285 1247)
4(1247 1285 1287 1249)
4(1249 1287 1289 1251)
4(1251 1289 1291 1253)
4(1253 1291 1293 1255)
4(1255 1293 1295 1257)
4(1121 1132 1297 1259)
4(1259 1297 1299 1261)
4(1261 1299 1301 1263)
4(1263 1301 1303 1265)
4(1265 1303 1305 1267)
4(1267 1305 1307 1269)
4(1269 1307 1309 1271)
4(1271 1309 1311 1273)
4(1273 1311 1313 1275)
4(1275 1313 1315 1277)
4(1277 1315 1317 1279)
4(1279 1317 1319 1281)
4(1281 1319 1321 1283)
4(1283 1321 1323 1285)
4(1285 1323 1325 1287)
4(1287 1325 1327 1289)
4(1289 1327 1329 1291)
4(1291 1329 1331 1293)
4(1293 1331 1333 1295)
4(1132 1143 1335 1297)
4(1297 1335 1337 1299)
4(1299 1337 1339 1301)
4(1301 1339 1341 1303)
4(1303 1341 1343 1305)
4(1305 1343 1345 1307)
4(1307 1345 1347 1309)
4(1309 1347 1349 1311)
4(1311 1349 1351 1313)
4(1313 1351 1353 1315)
4(1315 1353 1355 1317)
4(1317 1355 1357 1319)
4(1319 1357 1359 1321)
4(1321 1359 1361 1323)
4(1323 1361 1363 1325)
4(1325 1363 1365 1327)
4(1327 1365 1367 1329)
4(1329 1367 1369 1331)
4(1331 1369 1371 1333)
4(1143 1154 1373 1335)
4(1335 1373 1375 1337)
4(1337 1375 1377 1339)
4(1339 1377 1379 1341)
4(1341 1379 1381 1343)
4(1343 1381 1383 1345)
4(1345 1383 1385 1347)
4(1347 1385 1387 1349)
4(1349 1387 1389 1351)
4(1351 1389 1391 1353)
4(1353 1391 1393 1355)
4(1355 1393 1395 1357)
4(1357 1395 1397 1359)
4(1359 1397 1399 1361)
4(1361 1399 1401 1363)
4(1363 1401 1403 1365)
4(1365 1403 1405 1367)
4(1367 1405 1407 1369)
4(1369 1407 1409 1371)
4(1154 1165 1411 1373)
4(1373 1411 1413 1375)
4(1375 1413 1415 1377)
4(1377 1415 1417 1379)
4(1379 1417 1419 1381)
4(1381 1419 1421 1383)
4(1383 1421 1423 1385)
4(1385 1423 1425 1387)
4(1387 1425 1427 1389)
4(1389 1427 1429 1391)
4(1391 1429 1431 1393)
4(1393 1431 1433 1395)
4(1395 1433 1435 1397)
4(1397 1435 1437 1399)
4(1399 1437 1439 1401)
4(1401 1439 1441 1403)
4(1403 1441 1443 1405)
4(1405 1443 1445 1407)
4(1407 1445 1447 1409)
4(1165 1176 1449 1411)
4(1411 1449 1451 1413)
4(1413 1451 1453 1415)
4(1415 1453 1455 1417)
4(1417 1455 1457 1419)
4(1419 1457 1459 1421)
4(1421 1459 1461 1423)
4(1423 1461 1463 1425)
4(1425 1463 1465 1427)
4(1427 1465 1467 1429)
4(1429 1467 1469 1431)
4(1431 1469 1471 1433)
4(1433 1471 1473 1435)
4(1435 1473 1475 1437)
4(1437 1475 1477 1439)
4(1439 1477 1479 1441)
4(1441 1479 1481 1443)
4(1443 1481 1483 1445)
4(1445 1483 1485 1447)
4(1176 1187 1487 1449)
4(1449 1487 1489 1451)
4(1451 1489 1491 1453)
4(1453 1491 1493 1455)
4(1455 1493 1495 1457)
4(1457 1495 1497 1459)
4(1459 1497 1499 1461)
4(1461 1499 1501 1463)
4(1463 1501 1503 1465)
4(1465 1503 1505 1467)
4(1467 1505 1507 1469)
4(1469 1507 1509 1471)
4(1471 1509 1511 1473)
4(1473 1511 1513 1475)
4(1475 1513 1515 1477)
4(1477 1515 1517 1479)
4(1479 1517 1519 1481)
4(1481 1519 1521 1483)
4(1483 1521 1523 1485)
4(1187 1198 1525 1487)
4(1487 1525 1527 1489)
4(1489 1527 1529 1491)
4(1491 1529 1531 1493)
4(1493 1531 1533 1495)
4(1495 1533 1535 1497)
4(1497 1535 1537 1499)
4(1499 1537 1539 1501)
4(1501 1539 1541 1503)
4(1503 1541 1543 1505)
4(1505 1543 1545 1507)
4(1507 1545 1547 1509)
4(1509 1547 1549 1511)
4(1511 1549 1551 1513)
4(1513 1551 1553 1515)
4(1515 1553 1555 1517)
4(1517 1555 1557 1519)
4(1519 1557 1559 1521)
4(1521 1559 1561 1523)
4(1198 1209 1563 1525)
4(1525 1563 1565 1527)
4(1527 1565 1567 1529)
4(1529 1567 1569 1531)
4(1531 1569 1571 1533)
4(1533 1571 1573 1535)
4(1535 1573 1575 1537)
4(1537 1575 1577 1539)
4(1539 1577 1579 1541)
4(1541 1579 1581 1543)
4(1543 1581 1583 1545)
4(1545 1583 1585 1547)
4(1547 1585 1587 1549)
4(1549 1587 1589 1551)
4(1551 1589 1591 1553)
4(1553 1591 1593 1555)
4(1555 1593 1595 1557)
4(1557 1595 1597 1559)
4(1559 1597 1599 1561)
4(1209 1220 1601 1563)
4(1563 1601 1603 1565)
4(1565 1603 1605 1567)
4(1567 1605 1607 1569)
4(1569 1607 1609 1571)
4(1571 1609 1611 1573)
4(1573 1611 1613 1575)
4(1575 1613 1615 1577)
4(1577 1615 1617 1579)
4(1579 1617 1619 1581)
4(1581 1619 1621 1583)
4(1583 1621 1623 1585)
4(1585 1623 1625 1587)
4(1587 1625 1627 1589)
4(1589 1627 1629 1591)
4(1591 1629 1631 1593)
4(1593 1631 1633 1595)
4(1595 1633 1635 1597)
4(1597 1635 1637 1599)
3(0 6 1)
4(1 6 7 2)
4(2 7 8 3)
4(3 8 9 4)
4(4 9 10 5)
4(1257 1295 1296 1258)
4(1295 1333 1334 1296)
4(1333 1371 1372 1334)
4(1371 1409 1410 1372)
4(1409 1447 1448 1410)
4(1447 1485 1486 1448)
4(1485 1523 1524 1486)
4(1523 1561 1562 1524)
4(1561 1599 1600 1562)
4(1599 1637 1638 1600)
3(1210 1211 1216)
4(1211 1212 1217 1216)
4(1212 1213 1218 1217)
4(1213 1214 1219 1218)
4(1214 1215 1220 1219)
4(1220 1215 1602 1601)
4(1601 1602 1604 1603)
4(1603 1604 1606 1605)
4(1605 1606 1608 1607)
4(1607 1608 1610 1609)
4(1609 1610 1612 1611)
4(1611 1612 1614 1613)
4(1613 1614 1616 1615)
4(1615 1616 1618 1617)
4(1617 1618 1620 1619)
4(1619 1620 1622 1621)
4(1621 1622 1624 1623)
4(1623 1624 1626 1625)
4(1625 1626 1628 1627)
4(1627 1628 1630 1629)
4(1629 1630 1632 1631)
4(1631 1632 1634 1633)
4(1633 1634 1636 1635)
4(1635 1636 1638 1637)
4(5 10 21 16)
4(16 21 32 27)
4(27 32 43 38)
4(38 43 54 49)
4(49 54 65 60)
4(60 65 76 71)
4(71 76 87 82)
4(82 87 98 93)
4(93 98 109 104)
4(104 109 120 115)
4(115 120 131 126)
4(126 131 142 137)
4(137 142 153 148)
4(148 153 164 159)
4(159 164 175 170)
4(170 175 186 181)
4(181 186 197 192)
4(192 197 208 203)
4(203 208 219 214)
4(214 219 230 225)
4(225 230 241 236)
4(236 241 252 247)
4(247 252 263 258)
4(258 263 274 269)
4(269 274 285 280)
4(280 285 296 291)
4(291 296 307 302)
4(302 307 318 313)
4(313 318 329 324)
4(324 329 340 335)
4(335 340 351 346)
4(346 351 362 357)
4(357 362 373 368)
4(368 373 384 379)
4(379 384 395 390)
4(390 395 406 401)
4(401 406 417 412)
4(412 417 428 423)
4(423 428 439 434)
4(434 439 450 445)
4(445 450 461 456)
4(456 461 472 467)
4(467 472 483 478)
4(478 483 494 489)
4(489 494 505 500)
4(500 505 516 511)
4(511 516 527 522)
4(522 527 538 533)
4(533 538 549 544)
4(544 549 560 555)
4(555 560 571 566)
4(566 571 582 577)
4(577 582 593 588)
4(588 593 604 599)
4(599 604 615 610)
4(610 615 626 621)
4(621 626 637 632)
4(632 637 648 643)
4(643 648 659 654)
4(654 659 670 665)
4(665 670 681 676)
4(676 681 692 687)
4(687 692 703 698)
4(698 703 714 709)
4(709 714 725 720)
4(720 725 736 731)
4(731 736 747 742)
4(742 747 758 753)
4(753 758 769 764)
4(764 769 780 775)
4(775 780 791 786)
4(786 791 802 797)
4(797 802 813 808)
4(808 813 824 819)
4(819 824 835 830)
4(830 835 846 841)
4(841 846 857 852)
4(852 857 868 863)
4(863 868 879 874)
4(874 879 890 885)
4(885 890 901 896)
4(896 901 912 907)
4(907 912 923 918)
4(918 923 934 929)
4(929 934 945 940)
4(940 945 956 951)
4(951 956 967 962)
4(962 967 978 973)
4(973 978 989 984)
4(984 989 1000 995)
4(995 1000 1011 1006)
4(1006 1011 1022 1017)
4(1017 1022 1033 1028)
4(1028 1033 1044 1039)
4(1039 1044 1055 1050)
4(1050 1055 1066 1061)
4(1061 1066 1077 1072)
4(1072 1077 1088 1083)
4(1083 1088 1099 1094)
4(1094 1099 1110 1105)
4(1110 1221 1222 1105)
4(1221 1223 1224 1222)
4(1223 1225 1226 1224)
4(1225 1227 1228 1226)
4(1227 1229 1230 1228)
4(1229 1231 1232 1230)
4(1231 1233 1234 1232)
4(1233 1235 1236 1234)
4(1235 1237 1238 1236)
4(1237 1239 1240 1238)
4(1239 1241 1242 1240)
4(1241 1243 1244 1242)
4(1243 1245 1246 1244)
4(1245 1247 1248 1246)
4(1247 1249 1250 1248)
4(1249 1251 1252 1250)
4(1251 1253 1254 1252)
4(1253 1255 1256 1254)
4(1255 1257 1258 1256)
)


// ************************************************************************* //
