/*--------------------------------*- C++ -*----------------------------------*\
  =========                 |
  \\      /  F ield         | OpenFOAM: The Open Source CFD Toolbox
   \\    /   O peration     | Website:  https://openfoam.org
    \\  /    A nd           | Version:  8
     \\/     M anipulation  |
\*---------------------------------------------------------------------------*/
FoamFile
{
    version     2.0;
    format      ascii;
    class       vectorField;
    location    "constant/hydrogenArea/polyMesh";
    object      points;
}
// * * * * * * * * * * * * * * * * * * * * * * * * * * * * * * * * * * * * * //


1639
(
(0 0 0)
(0.00099954 -2.998e-05 0)
(0.00199908 -5.996e-05 0)
(0.00299862 -8.994e-05 0)
(0.00399816 -0.00011992 0)
(0.0049977 -0.0001499 0)
(0.00099954 2.998e-05 0)
(0.00199908 5.996e-05 0)
(0.00299862 8.994e-05 0)
(0.00399816 0.00011992 0)
(0.0049977 0.0001499 0)
(0 0 0.001)
(0.00099954 -2.998e-05 0.001)
(0.00199908 -5.996e-05 0.001)
(0.00299862 -8.994e-05 0.001)
(0.00399816 -0.00011992 0.001)
(0.0049977 -0.0001499 0.001)
(0.00099954 2.998e-05 0.001)
(0.00199908 5.996e-05 0.001)
(0.00299862 8.994e-05 0.001)
(0.00399816 0.00011992 0.001)
(0.0049977 0.0001499 0.001)
(0 0 0.002)
(0.00099954 -2.998e-05 0.002)
(0.00199908 -5.996e-05 0.002)
(0.00299862 -8.994e-05 0.002)
(0.00399816 -0.00011992 0.002)
(0.0049977 -0.0001499 0.002)
(0.00099954 2.998e-05 0.002)
(0.00199908 5.996e-05 0.002)
(0.00299862 8.994e-05 0.002)
(0.00399816 0.00011992 0.002)
(0.0049977 0.0001499 0.002)
(0 0 0.003)
(0.00099954 -2.998e-05 0.003)
(0.00199908 -5.996e-05 0.003)
(0.00299862 -8.994e-05 0.003)
(0.00399816 -0.00011992 0.003)
(0.0049977 -0.0001499 0.003)
(0.00099954 2.998e-05 0.003)
(0.00199908 5.996e-05 0.003)
(0.00299862 8.994e-05 0.003)
(0.00399816 0.00011992 0.003)
(0.0049977 0.0001499 0.003)
(0 0 0.004)
(0.00099954 -2.998e-05 0.004)
(0.00199908 -5.996e-05 0.004)
(0.00299862 -8.994e-05 0.004)
(0.00399816 -0.00011992 0.004)
(0.0049977 -0.0001499 0.004)
(0.00099954 2.998e-05 0.004)
(0.00199908 5.996e-05 0.004)
(0.00299862 8.994e-05 0.004)
(0.00399816 0.00011992 0.004)
(0.0049977 0.0001499 0.004)
(0 0 0.005)
(0.00099954 -2.998e-05 0.005)
(0.00199908 -5.996e-05 0.005)
(0.00299862 -8.994e-05 0.005)
(0.00399816 -0.00011992 0.005)
(0.0049977 -0.0001499 0.005)
(0.00099954 2.998e-05 0.005)
(0.00199908 5.996e-05 0.005)
(0.00299862 8.994e-05 0.005)
(0.00399816 0.00011992 0.005)
(0.0049977 0.0001499 0.005)
(0 0 0.006)
(0.00099954 -2.998e-05 0.006)
(0.00199908 -5.996e-05 0.006)
(0.00299862 -8.994e-05 0.006)
(0.00399816 -0.00011992 0.006)
(0.0049977 -0.0001499 0.006)
(0.00099954 2.998e-05 0.006)
(0.00199908 5.996e-05 0.006)
(0.00299862 8.994e-05 0.006)
(0.00399816 0.00011992 0.006)
(0.0049977 0.0001499 0.006)
(0 0 0.007)
(0.00099954 -2.998e-05 0.007)
(0.00199908 -5.996e-05 0.007)
(0.00299862 -8.994e-05 0.007)
(0.00399816 -0.00011992 0.007)
(0.0049977 -0.0001499 0.007)
(0.00099954 2.998e-05 0.007)
(0.00199908 5.996e-05 0.007)
(0.00299862 8.994e-05 0.007)
(0.00399816 0.00011992 0.007)
(0.0049977 0.0001499 0.007)
(0 0 0.008)
(0.00099954 -2.998e-05 0.008)
(0.00199908 -5.996e-05 0.008)
(0.00299862 -8.994e-05 0.008)
(0.00399816 -0.00011992 0.008)
(0.0049977 -0.0001499 0.008)
(0.00099954 2.998e-05 0.008)
(0.00199908 5.996e-05 0.008)
(0.00299862 8.994e-05 0.008)
(0.00399816 0.00011992 0.008)
(0.0049977 0.0001499 0.008)
(0 0 0.009)
(0.00099954 -2.998e-05 0.009)
(0.00199908 -5.996e-05 0.009)
(0.00299862 -8.994e-05 0.009)
(0.00399816 -0.00011992 0.009)
(0.0049977 -0.0001499 0.009)
(0.00099954 2.998e-05 0.009)
(0.00199908 5.996e-05 0.009)
(0.00299862 8.994e-05 0.009)
(0.00399816 0.00011992 0.009)
(0.0049977 0.0001499 0.009)
(0 0 0.01)
(0.00099954 -2.998e-05 0.01)
(0.00199908 -5.996e-05 0.01)
(0.00299862 -8.994e-05 0.01)
(0.00399816 -0.00011992 0.01)
(0.0049977 -0.0001499 0.01)
(0.00099954 2.998e-05 0.01)
(0.00199908 5.996e-05 0.01)
(0.00299862 8.994e-05 0.01)
(0.00399816 0.00011992 0.01)
(0.0049977 0.0001499 0.01)
(0 0 0.011)
(0.00099954 -2.998e-05 0.011)
(0.00199908 -5.996e-05 0.011)
(0.00299862 -8.994e-05 0.011)
(0.00399816 -0.00011992 0.011)
(0.0049977 -0.0001499 0.011)
(0.00099954 2.998e-05 0.011)
(0.00199908 5.996e-05 0.011)
(0.00299862 8.994e-05 0.011)
(0.00399816 0.00011992 0.011)
(0.0049977 0.0001499 0.011)
(0 0 0.012)
(0.00099954 -2.998e-05 0.012)
(0.00199908 -5.996e-05 0.012)
(0.00299862 -8.994e-05 0.012)
(0.00399816 -0.00011992 0.012)
(0.0049977 -0.0001499 0.012)
(0.00099954 2.998e-05 0.012)
(0.00199908 5.996e-05 0.012)
(0.00299862 8.994e-05 0.012)
(0.00399816 0.00011992 0.012)
(0.0049977 0.0001499 0.012)
(0 0 0.013)
(0.00099954 -2.998e-05 0.013)
(0.00199908 -5.996e-05 0.013)
(0.00299862 -8.994e-05 0.013)
(0.00399816 -0.00011992 0.013)
(0.0049977 -0.0001499 0.013)
(0.00099954 2.998e-05 0.013)
(0.00199908 5.996e-05 0.013)
(0.00299862 8.994e-05 0.013)
(0.00399816 0.00011992 0.013)
(0.0049977 0.0001499 0.013)
(0 0 0.014)
(0.00099954 -2.998e-05 0.014)
(0.00199908 -5.996e-05 0.014)
(0.00299862 -8.994e-05 0.014)
(0.00399816 -0.00011992 0.014)
(0.0049977 -0.0001499 0.014)
(0.00099954 2.998e-05 0.014)
(0.00199908 5.996e-05 0.014)
(0.00299862 8.994e-05 0.014)
(0.00399816 0.00011992 0.014)
(0.0049977 0.0001499 0.014)
(0 0 0.015)
(0.00099954 -2.998e-05 0.015)
(0.00199908 -5.996e-05 0.015)
(0.00299862 -8.994e-05 0.015)
(0.00399816 -0.00011992 0.015)
(0.0049977 -0.0001499 0.015)
(0.00099954 2.998e-05 0.015)
(0.00199908 5.996e-05 0.015)
(0.00299862 8.994e-05 0.015)
(0.00399816 0.00011992 0.015)
(0.0049977 0.0001499 0.015)
(0 0 0.016)
(0.00099954 -2.998e-05 0.016)
(0.00199908 -5.996e-05 0.016)
(0.00299862 -8.994e-05 0.016)
(0.00399816 -0.00011992 0.016)
(0.0049977 -0.0001499 0.016)
(0.00099954 2.998e-05 0.016)
(0.00199908 5.996e-05 0.016)
(0.00299862 8.994e-05 0.016)
(0.00399816 0.00011992 0.016)
(0.0049977 0.0001499 0.016)
(0 0 0.017)
(0.00099954 -2.998e-05 0.017)
(0.00199908 -5.996e-05 0.017)
(0.00299862 -8.994e-05 0.017)
(0.00399816 -0.00011992 0.017)
(0.0049977 -0.0001499 0.017)
(0.00099954 2.998e-05 0.017)
(0.00199908 5.996e-05 0.017)
(0.00299862 8.994e-05 0.017)
(0.00399816 0.00011992 0.017)
(0.0049977 0.0001499 0.017)
(0 0 0.018)
(0.00099954 -2.998e-05 0.018)
(0.00199908 -5.996e-05 0.018)
(0.00299862 -8.994e-05 0.018)
(0.00399816 -0.00011992 0.018)
(0.0049977 -0.0001499 0.018)
(0.00099954 2.998e-05 0.018)
(0.00199908 5.996e-05 0.018)
(0.00299862 8.994e-05 0.018)
(0.00399816 0.00011992 0.018)
(0.0049977 0.0001499 0.018)
(0 0 0.019)
(0.00099954 -2.998e-05 0.019)
(0.00199908 -5.996e-05 0.019)
(0.00299862 -8.994e-05 0.019)
(0.00399816 -0.00011992 0.019)
(0.0049977 -0.0001499 0.019)
(0.00099954 2.998e-05 0.019)
(0.00199908 5.996e-05 0.019)
(0.00299862 8.994e-05 0.019)
(0.00399816 0.00011992 0.019)
(0.0049977 0.0001499 0.019)
(0 0 0.02)
(0.00099954 -2.998e-05 0.02)
(0.00199908 -5.996e-05 0.02)
(0.00299862 -8.994e-05 0.02)
(0.00399816 -0.00011992 0.02)
(0.0049977 -0.0001499 0.02)
(0.00099954 2.998e-05 0.02)
(0.00199908 5.996e-05 0.02)
(0.00299862 8.994e-05 0.02)
(0.00399816 0.00011992 0.02)
(0.0049977 0.0001499 0.02)
(0 0 0.021)
(0.00099954 -2.998e-05 0.021)
(0.00199908 -5.996e-05 0.021)
(0.00299862 -8.994e-05 0.021)
(0.00399816 -0.00011992 0.021)
(0.0049977 -0.0001499 0.021)
(0.00099954 2.998e-05 0.021)
(0.00199908 5.996e-05 0.021)
(0.00299862 8.994e-05 0.021)
(0.00399816 0.00011992 0.021)
(0.0049977 0.0001499 0.021)
(0 0 0.022)
(0.00099954 -2.998e-05 0.022)
(0.00199908 -5.996e-05 0.022)
(0.00299862 -8.994e-05 0.022)
(0.00399816 -0.00011992 0.022)
(0.0049977 -0.0001499 0.022)
(0.00099954 2.998e-05 0.022)
(0.00199908 5.996e-05 0.022)
(0.00299862 8.994e-05 0.022)
(0.00399816 0.00011992 0.022)
(0.0049977 0.0001499 0.022)
(0 0 0.023)
(0.00099954 -2.998e-05 0.023)
(0.00199908 -5.996e-05 0.023)
(0.00299862 -8.994e-05 0.023)
(0.00399816 -0.00011992 0.023)
(0.0049977 -0.0001499 0.023)
(0.00099954 2.998e-05 0.023)
(0.00199908 5.996e-05 0.023)
(0.00299862 8.994e-05 0.023)
(0.00399816 0.00011992 0.023)
(0.0049977 0.0001499 0.023)
(0 0 0.024)
(0.00099954 -2.998e-05 0.024)
(0.00199908 -5.996e-05 0.024)
(0.00299862 -8.994e-05 0.024)
(0.00399816 -0.00011992 0.024)
(0.0049977 -0.0001499 0.024)
(0.00099954 2.998e-05 0.024)
(0.00199908 5.996e-05 0.024)
(0.00299862 8.994e-05 0.024)
(0.00399816 0.00011992 0.024)
(0.0049977 0.0001499 0.024)
(0 0 0.025)
(0.00099954 -2.998e-05 0.025)
(0.00199908 -5.996e-05 0.025)
(0.00299862 -8.994e-05 0.025)
(0.00399816 -0.00011992 0.025)
(0.0049977 -0.0001499 0.025)
(0.00099954 2.998e-05 0.025)
(0.00199908 5.996e-05 0.025)
(0.00299862 8.994e-05 0.025)
(0.00399816 0.00011992 0.025)
(0.0049977 0.0001499 0.025)
(0 0 0.026)
(0.00099954 -2.998e-05 0.026)
(0.00199908 -5.996e-05 0.026)
(0.00299862 -8.994e-05 0.026)
(0.00399816 -0.00011992 0.026)
(0.0049977 -0.0001499 0.026)
(0.00099954 2.998e-05 0.026)
(0.00199908 5.996e-05 0.026)
(0.00299862 8.994e-05 0.026)
(0.00399816 0.00011992 0.026)
(0.0049977 0.0001499 0.026)
(0 0 0.027)
(0.00099954 -2.998e-05 0.027)
(0.00199908 -5.996e-05 0.027)
(0.00299862 -8.994e-05 0.027)
(0.00399816 -0.00011992 0.027)
(0.0049977 -0.0001499 0.027)
(0.00099954 2.998e-05 0.027)
(0.00199908 5.996e-05 0.027)
(0.00299862 8.994e-05 0.027)
(0.00399816 0.00011992 0.027)
(0.0049977 0.0001499 0.027)
(0 0 0.028)
(0.00099954 -2.998e-05 0.028)
(0.00199908 -5.996e-05 0.028)
(0.00299862 -8.994e-05 0.028)
(0.00399816 -0.00011992 0.028)
(0.0049977 -0.0001499 0.028)
(0.00099954 2.998e-05 0.028)
(0.00199908 5.996e-05 0.028)
(0.00299862 8.994e-05 0.028)
(0.00399816 0.00011992 0.028)
(0.0049977 0.0001499 0.028)
(0 0 0.029)
(0.00099954 -2.998e-05 0.029)
(0.00199908 -5.996e-05 0.029)
(0.00299862 -8.994e-05 0.029)
(0.00399816 -0.00011992 0.029)
(0.0049977 -0.0001499 0.029)
(0.00099954 2.998e-05 0.029)
(0.00199908 5.996e-05 0.029)
(0.00299862 8.994e-05 0.029)
(0.00399816 0.00011992 0.029)
(0.0049977 0.0001499 0.029)
(0 0 0.03)
(0.00099954 -2.998e-05 0.03)
(0.00199908 -5.996e-05 0.03)
(0.00299862 -8.994e-05 0.03)
(0.00399816 -0.00011992 0.03)
(0.0049977 -0.0001499 0.03)
(0.00099954 2.998e-05 0.03)
(0.00199908 5.996e-05 0.03)
(0.00299862 8.994e-05 0.03)
(0.00399816 0.00011992 0.03)
(0.0049977 0.0001499 0.03)
(0 0 0.031)
(0.00099954 -2.998e-05 0.031)
(0.00199908 -5.996e-05 0.031)
(0.00299862 -8.994e-05 0.031)
(0.00399816 -0.00011992 0.031)
(0.0049977 -0.0001499 0.031)
(0.00099954 2.998e-05 0.031)
(0.00199908 5.996e-05 0.031)
(0.00299862 8.994e-05 0.031)
(0.00399816 0.00011992 0.031)
(0.0049977 0.0001499 0.031)
(0 0 0.032)
(0.00099954 -2.998e-05 0.032)
(0.00199908 -5.996e-05 0.032)
(0.00299862 -8.994e-05 0.032)
(0.00399816 -0.00011992 0.032)
(0.0049977 -0.0001499 0.032)
(0.00099954 2.998e-05 0.032)
(0.00199908 5.996e-05 0.032)
(0.00299862 8.994e-05 0.032)
(0.00399816 0.00011992 0.032)
(0.0049977 0.0001499 0.032)
(0 0 0.033)
(0.00099954 -2.998e-05 0.033)
(0.00199908 -5.996e-05 0.033)
(0.00299862 -8.994e-05 0.033)
(0.00399816 -0.00011992 0.033)
(0.0049977 -0.0001499 0.033)
(0.00099954 2.998e-05 0.033)
(0.00199908 5.996e-05 0.033)
(0.00299862 8.994e-05 0.033)
(0.00399816 0.00011992 0.033)
(0.0049977 0.0001499 0.033)
(0 0 0.034)
(0.00099954 -2.998e-05 0.034)
(0.00199908 -5.996e-05 0.034)
(0.00299862 -8.994e-05 0.034)
(0.00399816 -0.00011992 0.034)
(0.0049977 -0.0001499 0.034)
(0.00099954 2.998e-05 0.034)
(0.00199908 5.996e-05 0.034)
(0.00299862 8.994e-05 0.034)
(0.00399816 0.00011992 0.034)
(0.0049977 0.0001499 0.034)
(0 0 0.035)
(0.00099954 -2.998e-05 0.035)
(0.00199908 -5.996e-05 0.035)
(0.00299862 -8.994e-05 0.035)
(0.00399816 -0.00011992 0.035)
(0.0049977 -0.0001499 0.035)
(0.00099954 2.998e-05 0.035)
(0.00199908 5.996e-05 0.035)
(0.00299862 8.994e-05 0.035)
(0.00399816 0.00011992 0.035)
(0.0049977 0.0001499 0.035)
(0 0 0.036)
(0.00099954 -2.998e-05 0.036)
(0.00199908 -5.996e-05 0.036)
(0.00299862 -8.994e-05 0.036)
(0.00399816 -0.00011992 0.036)
(0.0049977 -0.0001499 0.036)
(0.00099954 2.998e-05 0.036)
(0.00199908 5.996e-05 0.036)
(0.00299862 8.994e-05 0.036)
(0.00399816 0.00011992 0.036)
(0.0049977 0.0001499 0.036)
(0 0 0.037)
(0.00099954 -2.998e-05 0.037)
(0.00199908 -5.996e-05 0.037)
(0.00299862 -8.994e-05 0.037)
(0.00399816 -0.00011992 0.037)
(0.0049977 -0.0001499 0.037)
(0.00099954 2.998e-05 0.037)
(0.00199908 5.996e-05 0.037)
(0.00299862 8.994e-05 0.037)
(0.00399816 0.00011992 0.037)
(0.0049977 0.0001499 0.037)
(0 0 0.038)
(0.00099954 -2.998e-05 0.038)
(0.00199908 -5.996e-05 0.038)
(0.00299862 -8.994e-05 0.038)
(0.00399816 -0.00011992 0.038)
(0.0049977 -0.0001499 0.038)
(0.00099954 2.998e-05 0.038)
(0.00199908 5.996e-05 0.038)
(0.00299862 8.994e-05 0.038)
(0.00399816 0.00011992 0.038)
(0.0049977 0.0001499 0.038)
(0 0 0.039)
(0.00099954 -2.998e-05 0.039)
(0.00199908 -5.996e-05 0.039)
(0.00299862 -8.994e-05 0.039)
(0.00399816 -0.00011992 0.039)
(0.0049977 -0.0001499 0.039)
(0.00099954 2.998e-05 0.039)
(0.00199908 5.996e-05 0.039)
(0.00299862 8.994e-05 0.039)
(0.00399816 0.00011992 0.039)
(0.0049977 0.0001499 0.039)
(0 0 0.04)
(0.00099954 -2.998e-05 0.04)
(0.00199908 -5.996e-05 0.04)
(0.00299862 -8.994e-05 0.04)
(0.00399816 -0.00011992 0.04)
(0.0049977 -0.0001499 0.04)
(0.00099954 2.998e-05 0.04)
(0.00199908 5.996e-05 0.04)
(0.00299862 8.994e-05 0.04)
(0.00399816 0.00011992 0.04)
(0.0049977 0.0001499 0.04)
(0 0 0.041)
(0.00099954 -2.998e-05 0.041)
(0.00199908 -5.996e-05 0.041)
(0.00299862 -8.994e-05 0.041)
(0.00399816 -0.00011992 0.041)
(0.0049977 -0.0001499 0.041)
(0.00099954 2.998e-05 0.041)
(0.00199908 5.996e-05 0.041)
(0.00299862 8.994e-05 0.041)
(0.00399816 0.00011992 0.041)
(0.0049977 0.0001499 0.041)
(0 0 0.042)
(0.00099954 -2.998e-05 0.042)
(0.00199908 -5.996e-05 0.042)
(0.00299862 -8.994e-05 0.042)
(0.00399816 -0.00011992 0.042)
(0.0049977 -0.0001499 0.042)
(0.00099954 2.998e-05 0.042)
(0.00199908 5.996e-05 0.042)
(0.00299862 8.994e-05 0.042)
(0.00399816 0.00011992 0.042)
(0.0049977 0.0001499 0.042)
(0 0 0.043)
(0.00099954 -2.998e-05 0.043)
(0.00199908 -5.996e-05 0.043)
(0.00299862 -8.994e-05 0.043)
(0.00399816 -0.00011992 0.043)
(0.0049977 -0.0001499 0.043)
(0.00099954 2.998e-05 0.043)
(0.00199908 5.996e-05 0.043)
(0.00299862 8.994e-05 0.043)
(0.00399816 0.00011992 0.043)
(0.0049977 0.0001499 0.043)
(0 0 0.044)
(0.00099954 -2.998e-05 0.044)
(0.00199908 -5.996e-05 0.044)
(0.00299862 -8.994e-05 0.044)
(0.00399816 -0.00011992 0.044)
(0.0049977 -0.0001499 0.044)
(0.00099954 2.998e-05 0.044)
(0.00199908 5.996e-05 0.044)
(0.00299862 8.994e-05 0.044)
(0.00399816 0.00011992 0.044)
(0.0049977 0.0001499 0.044)
(0 0 0.045)
(0.00099954 -2.998e-05 0.045)
(0.00199908 -5.996e-05 0.045)
(0.00299862 -8.994e-05 0.045)
(0.00399816 -0.00011992 0.045)
(0.0049977 -0.0001499 0.045)
(0.00099954 2.998e-05 0.045)
(0.00199908 5.996e-05 0.045)
(0.00299862 8.994e-05 0.045)
(0.00399816 0.00011992 0.045)
(0.0049977 0.0001499 0.045)
(0 0 0.046)
(0.00099954 -2.998e-05 0.046)
(0.00199908 -5.996e-05 0.046)
(0.00299862 -8.994e-05 0.046)
(0.00399816 -0.00011992 0.046)
(0.0049977 -0.0001499 0.046)
(0.00099954 2.998e-05 0.046)
(0.00199908 5.996e-05 0.046)
(0.00299862 8.994e-05 0.046)
(0.00399816 0.00011992 0.046)
(0.0049977 0.0001499 0.046)
(0 0 0.047)
(0.00099954 -2.998e-05 0.047)
(0.00199908 -5.996e-05 0.047)
(0.00299862 -8.994e-05 0.047)
(0.00399816 -0.00011992 0.047)
(0.0049977 -0.0001499 0.047)
(0.00099954 2.998e-05 0.047)
(0.00199908 5.996e-05 0.047)
(0.00299862 8.994e-05 0.047)
(0.00399816 0.00011992 0.047)
(0.0049977 0.0001499 0.047)
(0 0 0.048)
(0.00099954 -2.998e-05 0.048)
(0.00199908 -5.996e-05 0.048)
(0.00299862 -8.994e-05 0.048)
(0.00399816 -0.00011992 0.048)
(0.0049977 -0.0001499 0.048)
(0.00099954 2.998e-05 0.048)
(0.00199908 5.996e-05 0.048)
(0.00299862 8.994e-05 0.048)
(0.00399816 0.00011992 0.048)
(0.0049977 0.0001499 0.048)
(0 0 0.049)
(0.00099954 -2.998e-05 0.049)
(0.00199908 -5.996e-05 0.049)
(0.00299862 -8.994e-05 0.049)
(0.00399816 -0.00011992 0.049)
(0.0049977 -0.0001499 0.049)
(0.00099954 2.998e-05 0.049)
(0.00199908 5.996e-05 0.049)
(0.00299862 8.994e-05 0.049)
(0.00399816 0.00011992 0.049)
(0.0049977 0.0001499 0.049)
(0 0 0.05)
(0.00099954 -2.998e-05 0.05)
(0.00199908 -5.996e-05 0.05)
(0.00299862 -8.994e-05 0.05)
(0.00399816 -0.00011992 0.05)
(0.0049977 -0.0001499 0.05)
(0.00099954 2.998e-05 0.05)
(0.00199908 5.996e-05 0.05)
(0.00299862 8.994e-05 0.05)
(0.00399816 0.00011992 0.05)
(0.0049977 0.0001499 0.05)
(0 0 0.051)
(0.00099954 -2.998e-05 0.051)
(0.00199908 -5.996e-05 0.051)
(0.00299862 -8.994e-05 0.051)
(0.00399816 -0.00011992 0.051)
(0.0049977 -0.0001499 0.051)
(0.00099954 2.998e-05 0.051)
(0.00199908 5.996e-05 0.051)
(0.00299862 8.994e-05 0.051)
(0.00399816 0.00011992 0.051)
(0.0049977 0.0001499 0.051)
(0 0 0.052)
(0.00099954 -2.998e-05 0.052)
(0.00199908 -5.996e-05 0.052)
(0.00299862 -8.994e-05 0.052)
(0.00399816 -0.00011992 0.052)
(0.0049977 -0.0001499 0.052)
(0.00099954 2.998e-05 0.052)
(0.00199908 5.996e-05 0.052)
(0.00299862 8.994e-05 0.052)
(0.00399816 0.00011992 0.052)
(0.0049977 0.0001499 0.052)
(0 0 0.053)
(0.00099954 -2.998e-05 0.053)
(0.00199908 -5.996e-05 0.053)
(0.00299862 -8.994e-05 0.053)
(0.00399816 -0.00011992 0.053)
(0.0049977 -0.0001499 0.053)
(0.00099954 2.998e-05 0.053)
(0.00199908 5.996e-05 0.053)
(0.00299862 8.994e-05 0.053)
(0.00399816 0.00011992 0.053)
(0.0049977 0.0001499 0.053)
(0 0 0.054)
(0.00099954 -2.998e-05 0.054)
(0.00199908 -5.996e-05 0.054)
(0.00299862 -8.994e-05 0.054)
(0.00399816 -0.00011992 0.054)
(0.0049977 -0.0001499 0.054)
(0.00099954 2.998e-05 0.054)
(0.00199908 5.996e-05 0.054)
(0.00299862 8.994e-05 0.054)
(0.00399816 0.00011992 0.054)
(0.0049977 0.0001499 0.054)
(0 0 0.055)
(0.00099954 -2.998e-05 0.055)
(0.00199908 -5.996e-05 0.055)
(0.00299862 -8.994e-05 0.055)
(0.00399816 -0.00011992 0.055)
(0.0049977 -0.0001499 0.055)
(0.00099954 2.998e-05 0.055)
(0.00199908 5.996e-05 0.055)
(0.00299862 8.994e-05 0.055)
(0.00399816 0.00011992 0.055)
(0.0049977 0.0001499 0.055)
(0 0 0.056)
(0.00099954 -2.998e-05 0.056)
(0.00199908 -5.996e-05 0.056)
(0.00299862 -8.994e-05 0.056)
(0.00399816 -0.00011992 0.056)
(0.0049977 -0.0001499 0.056)
(0.00099954 2.998e-05 0.056)
(0.00199908 5.996e-05 0.056)
(0.00299862 8.994e-05 0.056)
(0.00399816 0.00011992 0.056)
(0.0049977 0.0001499 0.056)
(0 0 0.057)
(0.00099954 -2.998e-05 0.057)
(0.00199908 -5.996e-05 0.057)
(0.00299862 -8.994e-05 0.057)
(0.00399816 -0.00011992 0.057)
(0.0049977 -0.0001499 0.057)
(0.00099954 2.998e-05 0.057)
(0.00199908 5.996e-05 0.057)
(0.00299862 8.994e-05 0.057)
(0.00399816 0.00011992 0.057)
(0.0049977 0.0001499 0.057)
(0 0 0.058)
(0.00099954 -2.998e-05 0.058)
(0.00199908 -5.996e-05 0.058)
(0.00299862 -8.994e-05 0.058)
(0.00399816 -0.00011992 0.058)
(0.0049977 -0.0001499 0.058)
(0.00099954 2.998e-05 0.058)
(0.00199908 5.996e-05 0.058)
(0.00299862 8.994e-05 0.058)
(0.00399816 0.00011992 0.058)
(0.0049977 0.0001499 0.058)
(0 0 0.059)
(0.00099954 -2.998e-05 0.059)
(0.00199908 -5.996e-05 0.059)
(0.00299862 -8.994e-05 0.059)
(0.00399816 -0.00011992 0.059)
(0.0049977 -0.0001499 0.059)
(0.00099954 2.998e-05 0.059)
(0.00199908 5.996e-05 0.059)
(0.00299862 8.994e-05 0.059)
(0.00399816 0.00011992 0.059)
(0.0049977 0.0001499 0.059)
(0 0 0.06)
(0.00099954 -2.998e-05 0.06)
(0.00199908 -5.996e-05 0.06)
(0.00299862 -8.994e-05 0.06)
(0.00399816 -0.00011992 0.06)
(0.0049977 -0.0001499 0.06)
(0.00099954 2.998e-05 0.06)
(0.00199908 5.996e-05 0.06)
(0.00299862 8.994e-05 0.06)
(0.00399816 0.00011992 0.06)
(0.0049977 0.0001499 0.06)
(0 0 0.061)
(0.00099954 -2.998e-05 0.061)
(0.00199908 -5.996e-05 0.061)
(0.00299862 -8.994e-05 0.061)
(0.00399816 -0.00011992 0.061)
(0.0049977 -0.0001499 0.061)
(0.00099954 2.998e-05 0.061)
(0.00199908 5.996e-05 0.061)
(0.00299862 8.994e-05 0.061)
(0.00399816 0.00011992 0.061)
(0.0049977 0.0001499 0.061)
(0 0 0.062)
(0.00099954 -2.998e-05 0.062)
(0.00199908 -5.996e-05 0.062)
(0.00299862 -8.994e-05 0.062)
(0.00399816 -0.00011992 0.062)
(0.0049977 -0.0001499 0.062)
(0.00099954 2.998e-05 0.062)
(0.00199908 5.996e-05 0.062)
(0.00299862 8.994e-05 0.062)
(0.00399816 0.00011992 0.062)
(0.0049977 0.0001499 0.062)
(0 0 0.063)
(0.00099954 -2.998e-05 0.063)
(0.00199908 -5.996e-05 0.063)
(0.00299862 -8.994e-05 0.063)
(0.00399816 -0.00011992 0.063)
(0.0049977 -0.0001499 0.063)
(0.00099954 2.998e-05 0.063)
(0.00199908 5.996e-05 0.063)
(0.00299862 8.994e-05 0.063)
(0.00399816 0.00011992 0.063)
(0.0049977 0.0001499 0.063)
(0 0 0.064)
(0.00099954 -2.998e-05 0.064)
(0.00199908 -5.996e-05 0.064)
(0.00299862 -8.994e-05 0.064)
(0.00399816 -0.00011992 0.064)
(0.0049977 -0.0001499 0.064)
(0.00099954 2.998e-05 0.064)
(0.00199908 5.996e-05 0.064)
(0.00299862 8.994e-05 0.064)
(0.00399816 0.00011992 0.064)
(0.0049977 0.0001499 0.064)
(0 0 0.065)
(0.00099954 -2.998e-05 0.065)
(0.00199908 -5.996e-05 0.065)
(0.00299862 -8.994e-05 0.065)
(0.00399816 -0.00011992 0.065)
(0.0049977 -0.0001499 0.065)
(0.00099954 2.998e-05 0.065)
(0.00199908 5.996e-05 0.065)
(0.00299862 8.994e-05 0.065)
(0.00399816 0.00011992 0.065)
(0.0049977 0.0001499 0.065)
(0 0 0.066)
(0.00099954 -2.998e-05 0.066)
(0.00199908 -5.996e-05 0.066)
(0.00299862 -8.994e-05 0.066)
(0.00399816 -0.00011992 0.066)
(0.0049977 -0.0001499 0.066)
(0.00099954 2.998e-05 0.066)
(0.00199908 5.996e-05 0.066)
(0.00299862 8.994e-05 0.066)
(0.00399816 0.00011992 0.066)
(0.0049977 0.0001499 0.066)
(0 0 0.067)
(0.00099954 -2.998e-05 0.067)
(0.00199908 -5.996e-05 0.067)
(0.00299862 -8.994e-05 0.067)
(0.00399816 -0.00011992 0.067)
(0.0049977 -0.0001499 0.067)
(0.00099954 2.998e-05 0.067)
(0.00199908 5.996e-05 0.067)
(0.00299862 8.994e-05 0.067)
(0.00399816 0.00011992 0.067)
(0.0049977 0.0001499 0.067)
(0 0 0.068)
(0.00099954 -2.998e-05 0.068)
(0.00199908 -5.996e-05 0.068)
(0.00299862 -8.994e-05 0.068)
(0.00399816 -0.00011992 0.068)
(0.0049977 -0.0001499 0.068)
(0.00099954 2.998e-05 0.068)
(0.00199908 5.996e-05 0.068)
(0.00299862 8.994e-05 0.068)
(0.00399816 0.00011992 0.068)
(0.0049977 0.0001499 0.068)
(0 0 0.069)
(0.00099954 -2.998e-05 0.069)
(0.00199908 -5.996e-05 0.069)
(0.00299862 -8.994e-05 0.069)
(0.00399816 -0.00011992 0.069)
(0.0049977 -0.0001499 0.069)
(0.00099954 2.998e-05 0.069)
(0.00199908 5.996e-05 0.069)
(0.00299862 8.994e-05 0.069)
(0.00399816 0.00011992 0.069)
(0.0049977 0.0001499 0.069)
(0 0 0.07)
(0.00099954 -2.998e-05 0.07)
(0.00199908 -5.996e-05 0.07)
(0.00299862 -8.994e-05 0.07)
(0.00399816 -0.00011992 0.07)
(0.0049977 -0.0001499 0.07)
(0.00099954 2.998e-05 0.07)
(0.00199908 5.996e-05 0.07)
(0.00299862 8.994e-05 0.07)
(0.00399816 0.00011992 0.07)
(0.0049977 0.0001499 0.07)
(0 0 0.071)
(0.00099954 -2.998e-05 0.071)
(0.00199908 -5.996e-05 0.071)
(0.00299862 -8.994e-05 0.071)
(0.00399816 -0.00011992 0.071)
(0.0049977 -0.0001499 0.071)
(0.00099954 2.998e-05 0.071)
(0.00199908 5.996e-05 0.071)
(0.00299862 8.994e-05 0.071)
(0.00399816 0.00011992 0.071)
(0.0049977 0.0001499 0.071)
(0 0 0.072)
(0.00099954 -2.998e-05 0.072)
(0.00199908 -5.996e-05 0.072)
(0.00299862 -8.994e-05 0.072)
(0.00399816 -0.00011992 0.072)
(0.0049977 -0.0001499 0.072)
(0.00099954 2.998e-05 0.072)
(0.00199908 5.996e-05 0.072)
(0.00299862 8.994e-05 0.072)
(0.00399816 0.00011992 0.072)
(0.0049977 0.0001499 0.072)
(0 0 0.073)
(0.00099954 -2.998e-05 0.073)
(0.00199908 -5.996e-05 0.073)
(0.00299862 -8.994e-05 0.073)
(0.00399816 -0.00011992 0.073)
(0.0049977 -0.0001499 0.073)
(0.00099954 2.998e-05 0.073)
(0.00199908 5.996e-05 0.073)
(0.00299862 8.994e-05 0.073)
(0.00399816 0.00011992 0.073)
(0.0049977 0.0001499 0.073)
(0 0 0.074)
(0.00099954 -2.998e-05 0.074)
(0.00199908 -5.996e-05 0.074)
(0.00299862 -8.994e-05 0.074)
(0.00399816 -0.00011992 0.074)
(0.0049977 -0.0001499 0.074)
(0.00099954 2.998e-05 0.074)
(0.00199908 5.996e-05 0.074)
(0.00299862 8.994e-05 0.074)
(0.00399816 0.00011992 0.074)
(0.0049977 0.0001499 0.074)
(0 0 0.075)
(0.00099954 -2.998e-05 0.075)
(0.00199908 -5.996e-05 0.075)
(0.00299862 -8.994e-05 0.075)
(0.00399816 -0.00011992 0.075)
(0.0049977 -0.0001499 0.075)
(0.00099954 2.998e-05 0.075)
(0.00199908 5.996e-05 0.075)
(0.00299862 8.994e-05 0.075)
(0.00399816 0.00011992 0.075)
(0.0049977 0.0001499 0.075)
(0 0 0.076)
(0.00099954 -2.998e-05 0.076)
(0.00199908 -5.996e-05 0.076)
(0.00299862 -8.994e-05 0.076)
(0.00399816 -0.00011992 0.076)
(0.0049977 -0.0001499 0.076)
(0.00099954 2.998e-05 0.076)
(0.00199908 5.996e-05 0.076)
(0.00299862 8.994e-05 0.076)
(0.00399816 0.00011992 0.076)
(0.0049977 0.0001499 0.076)
(0 0 0.077)
(0.00099954 -2.998e-05 0.077)
(0.00199908 -5.996e-05 0.077)
(0.00299862 -8.994e-05 0.077)
(0.00399816 -0.00011992 0.077)
(0.0049977 -0.0001499 0.077)
(0.00099954 2.998e-05 0.077)
(0.00199908 5.996e-05 0.077)
(0.00299862 8.994e-05 0.077)
(0.00399816 0.00011992 0.077)
(0.0049977 0.0001499 0.077)
(0 0 0.078)
(0.00099954 -2.998e-05 0.078)
(0.00199908 -5.996e-05 0.078)
(0.00299862 -8.994e-05 0.078)
(0.00399816 -0.00011992 0.078)
(0.0049977 -0.0001499 0.078)
(0.00099954 2.998e-05 0.078)
(0.00199908 5.996e-05 0.078)
(0.00299862 8.994e-05 0.078)
(0.00399816 0.00011992 0.078)
(0.0049977 0.0001499 0.078)
(0 0 0.079)
(0.00099954 -2.998e-05 0.079)
(0.00199908 -5.996e-05 0.079)
(0.00299862 -8.994e-05 0.079)
(0.00399816 -0.00011992 0.079)
(0.0049977 -0.0001499 0.079)
(0.00099954 2.998e-05 0.079)
(0.00199908 5.996e-05 0.079)
(0.00299862 8.994e-05 0.079)
(0.00399816 0.00011992 0.079)
(0.0049977 0.0001499 0.079)
(0 0 0.08)
(0.00099954 -2.998e-05 0.08)
(0.00199908 -5.996e-05 0.08)
(0.00299862 -8.994e-05 0.08)
(0.00399816 -0.00011992 0.08)
(0.0049977 -0.0001499 0.08)
(0.00099954 2.998e-05 0.08)
(0.00199908 5.996e-05 0.08)
(0.00299862 8.994e-05 0.08)
(0.00399816 0.00011992 0.08)
(0.0049977 0.0001499 0.08)
(0 0 0.081)
(0.00099954 -2.998e-05 0.081)
(0.00199908 -5.996e-05 0.081)
(0.00299862 -8.994e-05 0.081)
(0.00399816 -0.00011992 0.081)
(0.0049977 -0.0001499 0.081)
(0.00099954 2.998e-05 0.081)
(0.00199908 5.996e-05 0.081)
(0.00299862 8.994e-05 0.081)
(0.00399816 0.00011992 0.081)
(0.0049977 0.0001499 0.081)
(0 0 0.082)
(0.00099954 -2.998e-05 0.082)
(0.00199908 -5.996e-05 0.082)
(0.00299862 -8.994e-05 0.082)
(0.00399816 -0.00011992 0.082)
(0.0049977 -0.0001499 0.082)
(0.00099954 2.998e-05 0.082)
(0.00199908 5.996e-05 0.082)
(0.00299862 8.994e-05 0.082)
(0.00399816 0.00011992 0.082)
(0.0049977 0.0001499 0.082)
(0 0 0.083)
(0.00099954 -2.998e-05 0.083)
(0.00199908 -5.996e-05 0.083)
(0.00299862 -8.994e-05 0.083)
(0.00399816 -0.00011992 0.083)
(0.0049977 -0.0001499 0.083)
(0.00099954 2.998e-05 0.083)
(0.00199908 5.996e-05 0.083)
(0.00299862 8.994e-05 0.083)
(0.00399816 0.00011992 0.083)
(0.0049977 0.0001499 0.083)
(0 0 0.084)
(0.00099954 -2.998e-05 0.084)
(0.00199908 -5.996e-05 0.084)
(0.00299862 -8.994e-05 0.084)
(0.00399816 -0.00011992 0.084)
(0.0049977 -0.0001499 0.084)
(0.00099954 2.998e-05 0.084)
(0.00199908 5.996e-05 0.084)
(0.00299862 8.994e-05 0.084)
(0.00399816 0.00011992 0.084)
(0.0049977 0.0001499 0.084)
(0 0 0.085)
(0.00099954 -2.998e-05 0.085)
(0.00199908 -5.996e-05 0.085)
(0.00299862 -8.994e-05 0.085)
(0.00399816 -0.00011992 0.085)
(0.0049977 -0.0001499 0.085)
(0.00099954 2.998e-05 0.085)
(0.00199908 5.996e-05 0.085)
(0.00299862 8.994e-05 0.085)
(0.00399816 0.00011992 0.085)
(0.0049977 0.0001499 0.085)
(0 0 0.086)
(0.00099954 -2.998e-05 0.086)
(0.00199908 -5.996e-05 0.086)
(0.00299862 -8.994e-05 0.086)
(0.00399816 -0.00011992 0.086)
(0.0049977 -0.0001499 0.086)
(0.00099954 2.998e-05 0.086)
(0.00199908 5.996e-05 0.086)
(0.00299862 8.994e-05 0.086)
(0.00399816 0.00011992 0.086)
(0.0049977 0.0001499 0.086)
(0 0 0.087)
(0.00099954 -2.998e-05 0.087)
(0.00199908 -5.996e-05 0.087)
(0.00299862 -8.994e-05 0.087)
(0.00399816 -0.00011992 0.087)
(0.0049977 -0.0001499 0.087)
(0.00099954 2.998e-05 0.087)
(0.00199908 5.996e-05 0.087)
(0.00299862 8.994e-05 0.087)
(0.00399816 0.00011992 0.087)
(0.0049977 0.0001499 0.087)
(0 0 0.088)
(0.00099954 -2.998e-05 0.088)
(0.00199908 -5.996e-05 0.088)
(0.00299862 -8.994e-05 0.088)
(0.00399816 -0.00011992 0.088)
(0.0049977 -0.0001499 0.088)
(0.00099954 2.998e-05 0.088)
(0.00199908 5.996e-05 0.088)
(0.00299862 8.994e-05 0.088)
(0.00399816 0.00011992 0.088)
(0.0049977 0.0001499 0.088)
(0 0 0.089)
(0.00099954 -2.998e-05 0.089)
(0.00199908 -5.996e-05 0.089)
(0.00299862 -8.994e-05 0.089)
(0.00399816 -0.00011992 0.089)
(0.0049977 -0.0001499 0.089)
(0.00099954 2.998e-05 0.089)
(0.00199908 5.996e-05 0.089)
(0.00299862 8.994e-05 0.089)
(0.00399816 0.00011992 0.089)
(0.0049977 0.0001499 0.089)
(0 0 0.09)
(0.00099954 -2.998e-05 0.09)
(0.00199908 -5.996e-05 0.09)
(0.00299862 -8.994e-05 0.09)
(0.00399816 -0.00011992 0.09)
(0.0049977 -0.0001499 0.09)
(0.00099954 2.998e-05 0.09)
(0.00199908 5.996e-05 0.09)
(0.00299862 8.994e-05 0.09)
(0.00399816 0.00011992 0.09)
(0.0049977 0.0001499 0.09)
(0 0 0.091)
(0.00099954 -2.998e-05 0.091)
(0.00199908 -5.996e-05 0.091)
(0.00299862 -8.994e-05 0.091)
(0.00399816 -0.00011992 0.091)
(0.0049977 -0.0001499 0.091)
(0.00099954 2.998e-05 0.091)
(0.00199908 5.996e-05 0.091)
(0.00299862 8.994e-05 0.091)
(0.00399816 0.00011992 0.091)
(0.0049977 0.0001499 0.091)
(0 0 0.092)
(0.00099954 -2.998e-05 0.092)
(0.00199908 -5.996e-05 0.092)
(0.00299862 -8.994e-05 0.092)
(0.00399816 -0.00011992 0.092)
(0.0049977 -0.0001499 0.092)
(0.00099954 2.998e-05 0.092)
(0.00199908 5.996e-05 0.092)
(0.00299862 8.994e-05 0.092)
(0.00399816 0.00011992 0.092)
(0.0049977 0.0001499 0.092)
(0 0 0.093)
(0.00099954 -2.998e-05 0.093)
(0.00199908 -5.996e-05 0.093)
(0.00299862 -8.994e-05 0.093)
(0.00399816 -0.00011992 0.093)
(0.0049977 -0.0001499 0.093)
(0.00099954 2.998e-05 0.093)
(0.00199908 5.996e-05 0.093)
(0.00299862 8.994e-05 0.093)
(0.00399816 0.00011992 0.093)
(0.0049977 0.0001499 0.093)
(0 0 0.094)
(0.00099954 -2.998e-05 0.094)
(0.00199908 -5.996e-05 0.094)
(0.00299862 -8.994e-05 0.094)
(0.00399816 -0.00011992 0.094)
(0.0049977 -0.0001499 0.094)
(0.00099954 2.998e-05 0.094)
(0.00199908 5.996e-05 0.094)
(0.00299862 8.994e-05 0.094)
(0.00399816 0.00011992 0.094)
(0.0049977 0.0001499 0.094)
(0 0 0.095)
(0.00099954 -2.998e-05 0.095)
(0.00199908 -5.996e-05 0.095)
(0.00299862 -8.994e-05 0.095)
(0.00399816 -0.00011992 0.095)
(0.0049977 -0.0001499 0.095)
(0.00099954 2.998e-05 0.095)
(0.00199908 5.996e-05 0.095)
(0.00299862 8.994e-05 0.095)
(0.00399816 0.00011992 0.095)
(0.0049977 0.0001499 0.095)
(0 0 0.096)
(0.00099954 -2.998e-05 0.096)
(0.00199908 -5.996e-05 0.096)
(0.00299862 -8.994e-05 0.096)
(0.00399816 -0.00011992 0.096)
(0.0049977 -0.0001499 0.096)
(0.00099954 2.998e-05 0.096)
(0.00199908 5.996e-05 0.096)
(0.00299862 8.994e-05 0.096)
(0.00399816 0.00011992 0.096)
(0.0049977 0.0001499 0.096)
(0 0 0.097)
(0.00099954 -2.998e-05 0.097)
(0.00199908 -5.996e-05 0.097)
(0.00299862 -8.994e-05 0.097)
(0.00399816 -0.00011992 0.097)
(0.0049977 -0.0001499 0.097)
(0.00099954 2.998e-05 0.097)
(0.00199908 5.996e-05 0.097)
(0.00299862 8.994e-05 0.097)
(0.00399816 0.00011992 0.097)
(0.0049977 0.0001499 0.097)
(0 0 0.098)
(0.00099954 -2.998e-05 0.098)
(0.00199908 -5.996e-05 0.098)
(0.00299862 -8.994e-05 0.098)
(0.00399816 -0.00011992 0.098)
(0.0049977 -0.0001499 0.098)
(0.00099954 2.998e-05 0.098)
(0.00199908 5.996e-05 0.098)
(0.00299862 8.994e-05 0.098)
(0.00399816 0.00011992 0.098)
(0.0049977 0.0001499 0.098)
(0 0 0.099)
(0.00099954 -2.998e-05 0.099)
(0.00199908 -5.996e-05 0.099)
(0.00299862 -8.994e-05 0.099)
(0.00399816 -0.00011992 0.099)
(0.0049977 -0.0001499 0.099)
(0.00099954 2.998e-05 0.099)
(0.00199908 5.996e-05 0.099)
(0.00299862 8.994e-05 0.099)
(0.00399816 0.00011992 0.099)
(0.0049977 0.0001499 0.099)
(0 0 0.1)
(0.00099954 -2.998e-05 0.1)
(0.00199908 -5.996e-05 0.1)
(0.00299862 -8.994e-05 0.1)
(0.00399816 -0.00011992 0.1)
(0.0049977 -0.0001499 0.1)
(0.00099954 2.998e-05 0.1)
(0.00199908 5.996e-05 0.1)
(0.00299862 8.994e-05 0.1)
(0.00399816 0.00011992 0.1)
(0.0049977 0.0001499 0.1)
(0 0 0.101)
(0.00099954 -2.998e-05 0.101)
(0.00199908 -5.996e-05 0.101)
(0.00299862 -8.994e-05 0.101)
(0.00399816 -0.00011992 0.101)
(0.0049977 -0.0001499 0.101)
(0.00099954 2.998e-05 0.101)
(0.00199908 5.996e-05 0.101)
(0.00299862 8.994e-05 0.101)
(0.00399816 0.00011992 0.101)
(0.0049977 0.0001499 0.101)
(0 0 0.102)
(0.00099954 -2.998e-05 0.102)
(0.00199908 -5.996e-05 0.102)
(0.00299862 -8.994e-05 0.102)
(0.00399816 -0.00011992 0.102)
(0.0049977 -0.0001499 0.102)
(0.00099954 2.998e-05 0.102)
(0.00199908 5.996e-05 0.102)
(0.00299862 8.994e-05 0.102)
(0.00399816 0.00011992 0.102)
(0.0049977 0.0001499 0.102)
(0 0 0.103)
(0.00099954 -2.998e-05 0.103)
(0.00199908 -5.996e-05 0.103)
(0.00299862 -8.994e-05 0.103)
(0.00399816 -0.00011992 0.103)
(0.0049977 -0.0001499 0.103)
(0.00099954 2.998e-05 0.103)
(0.00199908 5.996e-05 0.103)
(0.00299862 8.994e-05 0.103)
(0.00399816 0.00011992 0.103)
(0.0049977 0.0001499 0.103)
(0 0 0.104)
(0.00099954 -2.998e-05 0.104)
(0.00199908 -5.996e-05 0.104)
(0.00299862 -8.994e-05 0.104)
(0.00399816 -0.00011992 0.104)
(0.0049977 -0.0001499 0.104)
(0.00099954 2.998e-05 0.104)
(0.00199908 5.996e-05 0.104)
(0.00299862 8.994e-05 0.104)
(0.00399816 0.00011992 0.104)
(0.0049977 0.0001499 0.104)
(0 0 0.105)
(0.00099954 -2.998e-05 0.105)
(0.00199908 -5.996e-05 0.105)
(0.00299862 -8.994e-05 0.105)
(0.00399816 -0.00011992 0.105)
(0.0049977 -0.0001499 0.105)
(0.00099954 2.998e-05 0.105)
(0.00199908 5.996e-05 0.105)
(0.00299862 8.994e-05 0.105)
(0.00399816 0.00011992 0.105)
(0.0049977 0.0001499 0.105)
(0 0 0.106)
(0.00099954 -2.998e-05 0.106)
(0.00199908 -5.996e-05 0.106)
(0.00299862 -8.994e-05 0.106)
(0.00399816 -0.00011992 0.106)
(0.0049977 -0.0001499 0.106)
(0.00099954 2.998e-05 0.106)
(0.00199908 5.996e-05 0.106)
(0.00299862 8.994e-05 0.106)
(0.00399816 0.00011992 0.106)
(0.0049977 0.0001499 0.106)
(0 0 0.107)
(0.00099954 -2.998e-05 0.107)
(0.00199908 -5.996e-05 0.107)
(0.00299862 -8.994e-05 0.107)
(0.00399816 -0.00011992 0.107)
(0.0049977 -0.0001499 0.107)
(0.00099954 2.998e-05 0.107)
(0.00199908 5.996e-05 0.107)
(0.00299862 8.994e-05 0.107)
(0.00399816 0.00011992 0.107)
(0.0049977 0.0001499 0.107)
(0 0 0.108)
(0.00099954 -2.998e-05 0.108)
(0.00199908 -5.996e-05 0.108)
(0.00299862 -8.994e-05 0.108)
(0.00399816 -0.00011992 0.108)
(0.0049977 -0.0001499 0.108)
(0.00099954 2.998e-05 0.108)
(0.00199908 5.996e-05 0.108)
(0.00299862 8.994e-05 0.108)
(0.00399816 0.00011992 0.108)
(0.0049977 0.0001499 0.108)
(0 0 0.109)
(0.00099954 -2.998e-05 0.109)
(0.00199908 -5.996e-05 0.109)
(0.00299862 -8.994e-05 0.109)
(0.00399816 -0.00011992 0.109)
(0.0049977 -0.0001499 0.109)
(0.00099954 2.998e-05 0.109)
(0.00199908 5.996e-05 0.109)
(0.00299862 8.994e-05 0.109)
(0.00399816 0.00011992 0.109)
(0.0049977 0.0001499 0.109)
(0 0 0.11)
(0.00099954 -2.998e-05 0.11)
(0.00199908 -5.996e-05 0.11)
(0.00299862 -8.994e-05 0.11)
(0.00399816 -0.00011992 0.11)
(0.0049977 -0.0001499 0.11)
(0.00099954 2.998e-05 0.11)
(0.00199908 5.996e-05 0.11)
(0.00299862 8.994e-05 0.11)
(0.00399816 0.00011992 0.11)
(0.0049977 0.0001499 0.11)
(0.00594938 0.000178458 0.1)
(0.00594938 -0.000178458 0.1)
(0.00690106 0.000207016 0.1)
(0.00690106 -0.000207016 0.1)
(0.00785274 0.000235574 0.1)
(0.00785274 -0.000235574 0.1)
(0.00880442 0.000264132 0.1)
(0.00880442 -0.000264132 0.1)
(0.00975609 0.000292689 0.1)
(0.00975609 -0.000292689 0.1)
(0.0107078 0.000321247 0.1)
(0.0107078 -0.000321247 0.1)
(0.0116595 0.000349805 0.1)
(0.0116595 -0.000349805 0.1)
(0.0126111 0.000378363 0.1)
(0.0126111 -0.000378363 0.1)
(0.0135628 0.000406921 0.1)
(0.0135628 -0.000406921 0.1)
(0.0145145 0.000435479 0.1)
(0.0145145 -0.000435479 0.1)
(0.0154662 0.000464037 0.1)
(0.0154662 -0.000464037 0.1)
(0.0164178 0.000492595 0.1)
(0.0164178 -0.000492595 0.1)
(0.0173695 0.000521153 0.1)
(0.0173695 -0.000521153 0.1)
(0.0183212 0.000549711 0.1)
(0.0183212 -0.000549711 0.1)
(0.0192729 0.000578268 0.1)
(0.0192729 -0.000578268 0.1)
(0.0202246 0.000606826 0.1)
(0.0202246 -0.000606826 0.1)
(0.0211762 0.000635384 0.1)
(0.0211762 -0.000635384 0.1)
(0.0221279 0.000663942 0.1)
(0.0221279 -0.000663942 0.1)
(0.0230796 0.0006925 0.1)
(0.0230796 -0.0006925 0.1)
(0.00594938 0.000178458 0.101)
(0.00594938 -0.000178458 0.101)
(0.00690106 0.000207016 0.101)
(0.00690106 -0.000207016 0.101)
(0.00785274 0.000235574 0.101)
(0.00785274 -0.000235574 0.101)
(0.00880442 0.000264132 0.101)
(0.00880442 -0.000264132 0.101)
(0.00975609 0.000292689 0.101)
(0.00975609 -0.000292689 0.101)
(0.0107078 0.000321247 0.101)
(0.0107078 -0.000321247 0.101)
(0.0116595 0.000349805 0.101)
(0.0116595 -0.000349805 0.101)
(0.0126111 0.000378363 0.101)
(0.0126111 -0.000378363 0.101)
(0.0135628 0.000406921 0.101)
(0.0135628 -0.000406921 0.101)
(0.0145145 0.000435479 0.101)
(0.0145145 -0.000435479 0.101)
(0.0154662 0.000464037 0.101)
(0.0154662 -0.000464037 0.101)
(0.0164178 0.000492595 0.101)
(0.0164178 -0.000492595 0.101)
(0.0173695 0.000521153 0.101)
(0.0173695 -0.000521153 0.101)
(0.0183212 0.000549711 0.101)
(0.0183212 -0.000549711 0.101)
(0.0192729 0.000578268 0.101)
(0.0192729 -0.000578268 0.101)
(0.0202246 0.000606826 0.101)
(0.0202246 -0.000606826 0.101)
(0.0211762 0.000635384 0.101)
(0.0211762 -0.000635384 0.101)
(0.0221279 0.000663942 0.101)
(0.0221279 -0.000663942 0.101)
(0.0230796 0.0006925 0.101)
(0.0230796 -0.0006925 0.101)
(0.00594938 0.000178458 0.102)
(0.00594938 -0.000178458 0.102)
(0.00690106 0.000207016 0.102)
(0.00690106 -0.000207016 0.102)
(0.00785274 0.000235574 0.102)
(0.00785274 -0.000235574 0.102)
(0.00880442 0.000264132 0.102)
(0.00880442 -0.000264132 0.102)
(0.00975609 0.000292689 0.102)
(0.00975609 -0.000292689 0.102)
(0.0107078 0.000321247 0.102)
(0.0107078 -0.000321247 0.102)
(0.0116595 0.000349805 0.102)
(0.0116595 -0.000349805 0.102)
(0.0126111 0.000378363 0.102)
(0.0126111 -0.000378363 0.102)
(0.0135628 0.000406921 0.102)
(0.0135628 -0.000406921 0.102)
(0.0145145 0.000435479 0.102)
(0.0145145 -0.000435479 0.102)
(0.0154662 0.000464037 0.102)
(0.0154662 -0.000464037 0.102)
(0.0164178 0.000492595 0.102)
(0.0164178 -0.000492595 0.102)
(0.0173695 0.000521153 0.102)
(0.0173695 -0.000521153 0.102)
(0.0183212 0.000549711 0.102)
(0.0183212 -0.000549711 0.102)
(0.0192729 0.000578268 0.102)
(0.0192729 -0.000578268 0.102)
(0.0202246 0.000606826 0.102)
(0.0202246 -0.000606826 0.102)
(0.0211762 0.000635384 0.102)
(0.0211762 -0.000635384 0.102)
(0.0221279 0.000663942 0.102)
(0.0221279 -0.000663942 0.102)
(0.0230796 0.0006925 0.102)
(0.0230796 -0.0006925 0.102)
(0.00594938 0.000178458 0.103)
(0.00594938 -0.000178458 0.103)
(0.00690106 0.000207016 0.103)
(0.00690106 -0.000207016 0.103)
(0.00785274 0.000235574 0.103)
(0.00785274 -0.000235574 0.103)
(0.00880442 0.000264132 0.103)
(0.00880442 -0.000264132 0.103)
(0.00975609 0.000292689 0.103)
(0.00975609 -0.000292689 0.103)
(0.0107078 0.000321247 0.103)
(0.0107078 -0.000321247 0.103)
(0.0116595 0.000349805 0.103)
(0.0116595 -0.000349805 0.103)
(0.0126111 0.000378363 0.103)
(0.0126111 -0.000378363 0.103)
(0.0135628 0.000406921 0.103)
(0.0135628 -0.000406921 0.103)
(0.0145145 0.000435479 0.103)
(0.0145145 -0.000435479 0.103)
(0.0154662 0.000464037 0.103)
(0.0154662 -0.000464037 0.103)
(0.0164178 0.000492595 0.103)
(0.0164178 -0.000492595 0.103)
(0.0173695 0.000521153 0.103)
(0.0173695 -0.000521153 0.103)
(0.0183212 0.000549711 0.103)
(0.0183212 -0.000549711 0.103)
(0.0192729 0.000578268 0.103)
(0.0192729 -0.000578268 0.103)
(0.0202246 0.000606826 0.103)
(0.0202246 -0.000606826 0.103)
(0.0211762 0.000635384 0.103)
(0.0211762 -0.000635384 0.103)
(0.0221279 0.000663942 0.103)
(0.0221279 -0.000663942 0.103)
(0.0230796 0.0006925 0.103)
(0.0230796 -0.0006925 0.103)
(0.00594938 0.000178458 0.104)
(0.00594938 -0.000178458 0.104)
(0.00690106 0.000207016 0.104)
(0.00690106 -0.000207016 0.104)
(0.00785274 0.000235574 0.104)
(0.00785274 -0.000235574 0.104)
(0.00880442 0.000264132 0.104)
(0.00880442 -0.000264132 0.104)
(0.00975609 0.000292689 0.104)
(0.00975609 -0.000292689 0.104)
(0.0107078 0.000321247 0.104)
(0.0107078 -0.000321247 0.104)
(0.0116595 0.000349805 0.104)
(0.0116595 -0.000349805 0.104)
(0.0126111 0.000378363 0.104)
(0.0126111 -0.000378363 0.104)
(0.0135628 0.000406921 0.104)
(0.0135628 -0.000406921 0.104)
(0.0145145 0.000435479 0.104)
(0.0145145 -0.000435479 0.104)
(0.0154662 0.000464037 0.104)
(0.0154662 -0.000464037 0.104)
(0.0164178 0.000492595 0.104)
(0.0164178 -0.000492595 0.104)
(0.0173695 0.000521153 0.104)
(0.0173695 -0.000521153 0.104)
(0.0183212 0.000549711 0.104)
(0.0183212 -0.000549711 0.104)
(0.0192729 0.000578268 0.104)
(0.0192729 -0.000578268 0.104)
(0.0202246 0.000606826 0.104)
(0.0202246 -0.000606826 0.104)
(0.0211762 0.000635384 0.104)
(0.0211762 -0.000635384 0.104)
(0.0221279 0.000663942 0.104)
(0.0221279 -0.000663942 0.104)
(0.0230796 0.0006925 0.104)
(0.0230796 -0.0006925 0.104)
(0.00594938 0.000178458 0.105)
(0.00594938 -0.000178458 0.105)
(0.00690106 0.000207016 0.105)
(0.00690106 -0.000207016 0.105)
(0.00785274 0.000235574 0.105)
(0.00785274 -0.000235574 0.105)
(0.00880442 0.000264132 0.105)
(0.00880442 -0.000264132 0.105)
(0.00975609 0.000292689 0.105)
(0.00975609 -0.000292689 0.105)
(0.0107078 0.000321247 0.105)
(0.0107078 -0.000321247 0.105)
(0.0116595 0.000349805 0.105)
(0.0116595 -0.000349805 0.105)
(0.0126111 0.000378363 0.105)
(0.0126111 -0.000378363 0.105)
(0.0135628 0.000406921 0.105)
(0.0135628 -0.000406921 0.105)
(0.0145145 0.000435479 0.105)
(0.0145145 -0.000435479 0.105)
(0.0154662 0.000464037 0.105)
(0.0154662 -0.000464037 0.105)
(0.0164178 0.000492595 0.105)
(0.0164178 -0.000492595 0.105)
(0.0173695 0.000521153 0.105)
(0.0173695 -0.000521153 0.105)
(0.0183212 0.000549711 0.105)
(0.0183212 -0.000549711 0.105)
(0.0192729 0.000578268 0.105)
(0.0192729 -0.000578268 0.105)
(0.0202246 0.000606826 0.105)
(0.0202246 -0.000606826 0.105)
(0.0211762 0.000635384 0.105)
(0.0211762 -0.000635384 0.105)
(0.0221279 0.000663942 0.105)
(0.0221279 -0.000663942 0.105)
(0.0230796 0.0006925 0.105)
(0.0230796 -0.0006925 0.105)
(0.00594938 0.000178458 0.106)
(0.00594938 -0.000178458 0.106)
(0.00690106 0.000207016 0.106)
(0.00690106 -0.000207016 0.106)
(0.00785274 0.000235574 0.106)
(0.00785274 -0.000235574 0.106)
(0.00880442 0.000264132 0.106)
(0.00880442 -0.000264132 0.106)
(0.00975609 0.000292689 0.106)
(0.00975609 -0.000292689 0.106)
(0.0107078 0.000321247 0.106)
(0.0107078 -0.000321247 0.106)
(0.0116595 0.000349805 0.106)
(0.0116595 -0.000349805 0.106)
(0.0126111 0.000378363 0.106)
(0.0126111 -0.000378363 0.106)
(0.0135628 0.000406921 0.106)
(0.0135628 -0.000406921 0.106)
(0.0145145 0.000435479 0.106)
(0.0145145 -0.000435479 0.106)
(0.0154662 0.000464037 0.106)
(0.0154662 -0.000464037 0.106)
(0.0164178 0.000492595 0.106)
(0.0164178 -0.000492595 0.106)
(0.0173695 0.000521153 0.106)
(0.0173695 -0.000521153 0.106)
(0.0183212 0.000549711 0.106)
(0.0183212 -0.000549711 0.106)
(0.0192729 0.000578268 0.106)
(0.0192729 -0.000578268 0.106)
(0.0202246 0.000606826 0.106)
(0.0202246 -0.000606826 0.106)
(0.0211762 0.000635384 0.106)
(0.0211762 -0.000635384 0.106)
(0.0221279 0.000663942 0.106)
(0.0221279 -0.000663942 0.106)
(0.0230796 0.0006925 0.106)
(0.0230796 -0.0006925 0.106)
(0.00594938 0.000178458 0.107)
(0.00594938 -0.000178458 0.107)
(0.00690106 0.000207016 0.107)
(0.00690106 -0.000207016 0.107)
(0.00785274 0.000235574 0.107)
(0.00785274 -0.000235574 0.107)
(0.00880442 0.000264132 0.107)
(0.00880442 -0.000264132 0.107)
(0.00975609 0.000292689 0.107)
(0.00975609 -0.000292689 0.107)
(0.0107078 0.000321247 0.107)
(0.0107078 -0.000321247 0.107)
(0.0116595 0.000349805 0.107)
(0.0116595 -0.000349805 0.107)
(0.0126111 0.000378363 0.107)
(0.0126111 -0.000378363 0.107)
(0.0135628 0.000406921 0.107)
(0.0135628 -0.000406921 0.107)
(0.0145145 0.000435479 0.107)
(0.0145145 -0.000435479 0.107)
(0.0154662 0.000464037 0.107)
(0.0154662 -0.000464037 0.107)
(0.0164178 0.000492595 0.107)
(0.0164178 -0.000492595 0.107)
(0.0173695 0.000521153 0.107)
(0.0173695 -0.000521153 0.107)
(0.0183212 0.000549711 0.107)
(0.0183212 -0.000549711 0.107)
(0.0192729 0.000578268 0.107)
(0.0192729 -0.000578268 0.107)
(0.0202246 0.000606826 0.107)
(0.0202246 -0.000606826 0.107)
(0.0211762 0.000635384 0.107)
(0.0211762 -0.000635384 0.107)
(0.0221279 0.000663942 0.107)
(0.0221279 -0.000663942 0.107)
(0.0230796 0.0006925 0.107)
(0.0230796 -0.0006925 0.107)
(0.00594938 0.000178458 0.108)
(0.00594938 -0.000178458 0.108)
(0.00690106 0.000207016 0.108)
(0.00690106 -0.000207016 0.108)
(0.00785274 0.000235574 0.108)
(0.00785274 -0.000235574 0.108)
(0.00880442 0.000264132 0.108)
(0.00880442 -0.000264132 0.108)
(0.00975609 0.000292689 0.108)
(0.00975609 -0.000292689 0.108)
(0.0107078 0.000321247 0.108)
(0.0107078 -0.000321247 0.108)
(0.0116595 0.000349805 0.108)
(0.0116595 -0.000349805 0.108)
(0.0126111 0.000378363 0.108)
(0.0126111 -0.000378363 0.108)
(0.0135628 0.000406921 0.108)
(0.0135628 -0.000406921 0.108)
(0.0145145 0.000435479 0.108)
(0.0145145 -0.000435479 0.108)
(0.0154662 0.000464037 0.108)
(0.0154662 -0.000464037 0.108)
(0.0164178 0.000492595 0.108)
(0.0164178 -0.000492595 0.108)
(0.0173695 0.000521153 0.108)
(0.0173695 -0.000521153 0.108)
(0.0183212 0.000549711 0.108)
(0.0183212 -0.000549711 0.108)
(0.0192729 0.000578268 0.108)
(0.0192729 -0.000578268 0.108)
(0.0202246 0.000606826 0.108)
(0.0202246 -0.000606826 0.108)
(0.0211762 0.000635384 0.108)
(0.0211762 -0.000635384 0.108)
(0.0221279 0.000663942 0.108)
(0.0221279 -0.000663942 0.108)
(0.0230796 0.0006925 0.108)
(0.0230796 -0.0006925 0.108)
(0.00594938 0.000178458 0.109)
(0.00594938 -0.000178458 0.109)
(0.00690106 0.000207016 0.109)
(0.00690106 -0.000207016 0.109)
(0.00785274 0.000235574 0.109)
(0.00785274 -0.000235574 0.109)
(0.00880442 0.000264132 0.109)
(0.00880442 -0.000264132 0.109)
(0.00975609 0.000292689 0.109)
(0.00975609 -0.000292689 0.109)
(0.0107078 0.000321247 0.109)
(0.0107078 -0.000321247 0.109)
(0.0116595 0.000349805 0.109)
(0.0116595 -0.000349805 0.109)
(0.0126111 0.000378363 0.109)
(0.0126111 -0.000378363 0.109)
(0.0135628 0.000406921 0.109)
(0.0135628 -0.000406921 0.109)
(0.0145145 0.000435479 0.109)
(0.0145145 -0.000435479 0.109)
(0.0154662 0.000464037 0.109)
(0.0154662 -0.000464037 0.109)
(0.0164178 0.000492595 0.109)
(0.0164178 -0.000492595 0.109)
(0.0173695 0.000521153 0.109)
(0.0173695 -0.000521153 0.109)
(0.0183212 0.000549711 0.109)
(0.0183212 -0.000549711 0.109)
(0.0192729 0.000578268 0.109)
(0.0192729 -0.000578268 0.109)
(0.0202246 0.000606826 0.109)
(0.0202246 -0.000606826 0.109)
(0.0211762 0.000635384 0.109)
(0.0211762 -0.000635384 0.109)
(0.0221279 0.000663942 0.109)
(0.0221279 -0.000663942 0.109)
(0.0230796 0.0006925 0.109)
(0.0230796 -0.0006925 0.109)
(0.00594938 0.000178458 0.11)
(0.00594938 -0.000178458 0.11)
(0.00690106 0.000207016 0.11)
(0.00690106 -0.000207016 0.11)
(0.00785274 0.000235574 0.11)
(0.00785274 -0.000235574 0.11)
(0.00880442 0.000264132 0.11)
(0.00880442 -0.000264132 0.11)
(0.00975609 0.000292689 0.11)
(0.00975609 -0.000292689 0.11)
(0.0107078 0.000321247 0.11)
(0.0107078 -0.000321247 0.11)
(0.0116595 0.000349805 0.11)
(0.0116595 -0.000349805 0.11)
(0.0126111 0.000378363 0.11)
(0.0126111 -0.000378363 0.11)
(0.0135628 0.000406921 0.11)
(0.0135628 -0.000406921 0.11)
(0.0145145 0.000435479 0.11)
(0.0145145 -0.000435479 0.11)
(0.0154662 0.000464037 0.11)
(0.0154662 -0.000464037 0.11)
(0.0164178 0.000492595 0.11)
(0.0164178 -0.000492595 0.11)
(0.0173695 0.000521153 0.11)
(0.0173695 -0.000521153 0.11)
(0.0183212 0.000549711 0.11)
(0.0183212 -0.000549711 0.11)
(0.0192729 0.000578268 0.11)
(0.0192729 -0.000578268 0.11)
(0.0202246 0.000606826 0.11)
(0.0202246 -0.000606826 0.11)
(0.0211762 0.000635384 0.11)
(0.0211762 -0.000635384 0.11)
(0.0221279 0.000663942 0.11)
(0.0221279 -0.000663942 0.11)
(0.0230796 0.0006925 0.11)
(0.0230796 -0.0006925 0.11)
)


// ************************************************************************* //
